1.996387
1.998812
1.997604
1.997506
1.997468
1.999188
1.999446
1.994104
1.997908
1.998989
1.998226
1.995764
1.998881
1.996753
1.996098
1.994105
1.998641
1.997708
1.998108
1.997040
1.999940
1.998987
1.998989
1.999784
1.999617
1.999769
1.998363
1.993070
1.998705
1.997317
1.997248
1.997404
1.999749
1.996687
1.997295
1.998884
1.994815
1.997822
1.998074
1.994768
1.999489
1.997617
1.999922
1.998405
1.998930
1.998707
1.999430
1.999854
1.999128
1.999928
1.994643
1.999392
1.999788
1.995404
1.998823
1.997515
1.999669
1.999624
1.995141
1.997373
1.997620
1.999621
1.997455
1.997390
1.999107
1.999625
1.997449
1.999803
1.999102
1.999771
1.998626
1.997308
1.999929
1.999185
1.998548
1.995440
1.996221
1.999517
1.999648
1.999484
1.996449
1.997250
1.998202
1.998846
1.994126
1.999682
1.998681
1.998791
1.995351
1.999772
1.995793
1.999965
1.994840
1.990212
1.999152
1.995145
1.999081
1.998508
1.999978
1.999381
1.998046
1.999219
1.998988
1.999776
1.997776
1.999770
1.997820
1.997028
1.995733
1.998839
1.998726
1.999139
1.999138
1.996597
1.994031
1.999640
1.986878
1.996263
1.993311
1.993751
1.999595
1.998187
1.999277
1.998682
1.994912
1.999821
1.998620
1.998902
1.999096
1.997117
1.999645
1.994757
1.998141
1.997042
1.998270
1.999171
1.999191
1.999593
1.998792
1.997269
1.995233
1.999512
1.998848
1.996171
1.997949
1.993384
1.997316
1.992008
1.998091
1.995940
1.997972
1.995290
1.997536
1.995352
1.995110
1.998804
1.999671
1.999852
1.998429
1.999400
1.996972
1.999955
1.998839
1.999263
1.998308
1.999114
1.999129
1.996506
1.999225
1.999912
1.999795
1.997758
1.998867
1.999296
1.999071
1.998291
1.996427
1.998603
1.996696
1.996390
1.999655
1.995852
1.998416
1.996748
1.998472
1.999721
1.997508
1.999894
1.997764
1.999894
1.997125
1.998812
1.999935
1.998760
1.997830
1.998212
1.999840
1.997619
1.998269
1.997455
1.999408
1.997884
1.999241
1.998103
1.998918
1.999839
1.999195
1.999641
1.998236
1.999154
1.995190
1.997448
1.997517
1.999282
1.999230
1.999945
1.997872
1.999535
1.999467
1.999829
1.999166
1.999600
1.996749
1.999577
1.996795
1.999721
1.996059
1.998925
1.999133
1.998927
1.999456
1.997790
1.998395
1.999498
1.999670
1.997617
1.998496
1.997727
1.999395
1.999194
1.999104
1.990479
1.999942
1.997483
1.998628
1.999993
1.998072
1.995810
1.998417
1.998331
1.999473
1.998778
1.998249
1.999996
1.998382
1.998983
1.997258
1.999839
1.997806
1.994756
1.999275
1.999921
1.997928
1.999330
1.998639
1.996542
1.996932
1.999818
1.997855
1.997417
1.996961
1.998204
1.994954
1.995185
1.996789
1.998354
1.999389
1.998028
1.998273
1.999339
1.999447
1.999593
1.999657
1.996916
1.998389
1.997736
1.998850
1.999716
1.999990
1.998525
1.997764
1.999759
1.994728
1.998056
1.999097
1.999006
1.999671
1.998994
1.999288
1.999789
1.999129
1.999097
1.998515
1.997624
1.999985
1.999539
1.997847
1.996762
1.998622
1.996666
1.990734
1.995340
1.999713
1.992538
1.999511
1.997795
1.999925
1.999224
1.999722
1.998356
1.999618
1.999557
1.998163
1.999661
1.995070
1.999465
1.998628
1.999250
1.999288
1.997213
1.994001
1.995846
1.996023
1.996733
1.999208
1.999301
1.998670
1.998024
1.998811
1.999241
1.997103
1.999573
1.997743
1.999295
1.998867
1.998887
1.999655
1.998488
1.998791
1.997621
1.998764
1.997014
1.996933
1.999382
1.999257
1.995937
1.997723
1.996018
1.985389
1.999103
1.998781
1.999330
1.999451
1.999577
1.996256
1.999789
1.999817
1.998076
1.995762
1.999947
1.999668
1.999940
1.999004
1.999676
1.998926
1.998942
1.999598
1.999446
1.999131
1.998831
1.997643
1.999087
1.996193
1.996731
1.999387
1.999665
1.997502
1.999028
1.998918
1.990336
1.996313
1.998975
1.997616
1.999893
1.991122
1.997266
1.998324
1.997825
1.999658
1.997562
1.998291
1.997086
1.996435
1.998428
1.999581
1.999711
1.999855
1.999127
1.995815
1.999918
1.996354
1.998218
1.997975
1.995878
1.998499
1.997427
1.998935
1.998395
1.999611
1.999218
1.996817
1.998695
1.998542
1.999867
1.999305
1.999068
1.998025
1.997166
1.997647
1.998833
1.996028
1.999272
1.999724
1.993471
1.999998
1.995246
1.999870
1.998629
1.999817
1.997598
1.998904
1.999492
1.993577
1.999190
1.997970
1.999147
1.999480
1.999792
1.998012
1.996192
1.999173
1.995538
1.998649
1.997141
1.996351
1.998897
1.997111
1.997874
1.996065
1.998828
1.998180
1.998963
1.997745
1.998849
1.996700
1.992374
1.998766
1.999865
1.997934
1.998123
1.996275
1.999012
1.999339
1.998708
1.996279
1.997075
1.998115
1.998936
1.998896
1.999495
1.998294
1.998169
1.998448
1.998950
1.999426
1.997907
1.996185
1.998067
1.989513
1.992055
1.998727
1.997396
1.998981
1.997928
1.998098
1.998849
1.998094
1.999906
1.996524
1.998381
1.999064
1.999991
1.998228
1.994858
1.999830
1.999373
1.997685
1.999503
1.998779
1.999857
1.999806
1.999382
1.998803
1.999553
1.997873
1.999806
1.999648
1.986976
1.994280
1.997174
1.999704
1.996216
1.998835
1.999871
1.997531
1.998753
1.999939
1.999134
1.998472
1.997691
1.999487
1.998765
1.998801
1.999623
1.998050
1.999942
1.997251
1.999942
1.999445
1.999859
1.998518
1.999270
1.997826
1.999988
1.992006
1.994993
1.990761
1.999911
1.997899
1.999755
1.987799
1.999350
1.999512
1.999950
1.998812
1.999608
1.996675
1.991505
1.999654
1.999377
1.999502
1.997066
1.999117
1.999743
1.999567
1.999408
1.998385
1.998866
1.999594
1.997285
1.998747
1.995837
1.994862
1.997793
1.998953
1.996216
1.993610
1.998393
1.999535
1.999812
1.996947
1.996601
1.999918
1.999260
1.999911
1.999850
1.999858
1.996201
1.997720
1.999551
1.998875
1.999714
1.999701
1.997783
1.998210
1.999660
1.998566
1.999757
1.999495
1.999111
1.997502
1.991852
1.999517
1.996053
1.998850
1.999317
1.997798
1.999606
1.998570
1.999601
1.999838
1.999366
1.999011
1.995080
1.999377
1.999333
1.999355
1.997493
1.995968
1.999317
1.998449
1.997000
1.999596
1.999796
1.999500
1.999655
1.997701
1.994186
1.998802
1.998358
1.997639
1.999953
1.997037
1.998360
1.999141
1.996997
1.998828
1.993401
1.996521
1.998823
1.999100
1.997486
1.994278
1.999723
1.998504
1.999209
1.995045
1.998332
1.998508
1.999224
1.996269
1.998838
1.999012
1.990724
1.999222
1.999743
1.996780
1.999868
1.999815
1.997688
1.999580
1.999979
1.999035
1.992341
1.998533
1.997214
1.999999
1.999759
1.999975
1.998150
1.999259
1.999583
1.999886
1.994922
1.994157
1.999964
1.995357
1.995817
1.992325
1.999877
1.996503
1.999932
1.996198
1.998971
1.997257
1.997864
1.999339
1.998589
1.996301
1.999663
1.995869
1.996976
1.998195
1.999546
1.996917
1.998398
1.998342
1.996203
1.996377
1.997267
1.999029
1.999327
1.999208
1.998720
1.999867
1.999759
1.998142
1.999768
1.999452
1.999718
1.999436
1.996890
1.998101
1.998770
1.995154
1.998528
1.998473
1.998835
1.999938
1.997615
1.996848
1.999793
1.998646
1.998055
1.999798
1.999371
1.993706
1.998945
1.989372
1.996705
1.997466
1.999927
1.999397
1.997055
1.998078
1.999230
1.999376
1.999699
1.998263
1.998931
1.999605
1.999763
1.999909
1.999058
1.998973
1.999903
1.989894
1.999358
1.999329
1.991044
1.999992
1.999260
1.995276
1.998851
1.998139
1.999635
1.996522
1.999845
1.998697
1.999885
1.995401
1.998272
1.996434
1.999720
1.998129
1.994764
1.997369
1.999573
1.999661
1.999591
1.996682
1.992395
1.998542
1.999519
1.994395
1.997471
1.999126
1.997392
1.998692
1.999804
1.993438
1.997363
1.998743
1.995407
1.998714
1.999874
1.999685
1.999864
1.986602
1.997805
1.999713
1.999849
1.996412
1.999031
1.995760
1.997114
1.997419
1.999521
1.996821
1.999801
1.998310
1.997843
1.999121
1.991906
1.993636
1.999517
1.995356
1.998061
1.991273
1.997918
1.999858
1.997414
1.999640
1.996787
1.998653
1.996344
1.997586
1.999482
1.996246
1.997133
1.997446
1.999490
1.994958
1.996773
1.998244
1.999432
1.999036
1.999235
1.999252
1.998678
1.999562
1.995455
1.997293
1.997208
1.998762
1.995514
1.996540
1.990451
1.999383
1.993532
1.999555
1.998840
1.998726
1.999884
1.996716
1.998517
1.997467
1.998435
1.999753
1.999717
1.999578
1.998786
1.999791
1.998414
1.999499
1.997230
1.997838
1.993897
1.993396
1.998445
1.998123
1.983966
1.999634
1.996683
1.999584
1.997510
1.999596
1.999564
1.997986
1.992827
1.999934
1.997616
1.999689
1.998918
1.998677
1.999168
1.999738
1.999447
1.999885
1.998735
1.997922
1.993780
1.995842
1.999867
1.998731
1.991678
1.994527
1.999935
1.999452
1.999065
1.999631
1.998858
1.999095
1.999029
1.997964
1.999548
1.994996
1.999464
1.992787
1.997907
1.996110
1.997324
1.992500
1.992200
1.998455
1.999716
1.999501
1.996655
1.997497
1.998477
1.999688
1.999265
1.999748
1.999435
1.999025
1.999410
1.998007
1.993946
1.997777
1.999970
1.999655
1.994328
1.999804
1.999843
1.999493
1.997009
1.998670
1.999164
1.998370
1.997297
1.994400
1.996632
1.998976
1.997264
1.999913
1.998052
1.996527
1.994044
1.998440
1.999844
1.998810
1.999506
1.998797
1.998793
1.998249
1.998953
1.996527
1.999631
1.997657
1.997452
1.996222
1.995029
1.999502
1.999225
1.997550
1.997302
1.999143
1.997276
1.993209
1.999419
1.996768
1.995693
1.999513
1.995228
1.998107
1.998727
1.999187
1.999439
1.995900
1.999439
1.996832
1.999687
1.998586
1.999450
1.996105
1.999846
1.997289
1.997734
1.998540
1.997171
1.999082
1.998699
1.997500
1.997487
1.998875
1.999059
1.999863
1.999358
1.999818
1.998037
1.998152
1.999047
1.999241
1.998266
1.999811
1.998925
1.999580
1.999323
1.995223
1.999795
1.998968
1.999021
1.997681
1.997930
1.998149
1.998462
1.989571
1.998717
1.997893
1.997487
1.995073
1.998812
1.996496
1.999732
1.995959
1.998732
1.996748
1.997594
1.999855
1.997377
1.999355
1.998895
1.998080
1.999123
1.999204
1.998979
1.999982
1.996912
1.990931
1.996531
1.997577
1.997939
1.998736
1.998125
1.994898
1.998817
1.999242
1.998759
1.998880
1.998835
1.997609
1.997487
1.998919
1.999427
1.995852
1.999939
1.998898
1.999263
1.999407
1.999641
1.997043
1.999986
1.999447
1.999673
1.998212
1.995584
1.998597
1.998551
1.999461
1.999107
1.998020
1.999015
1.995750
2.000000
1.999830
1.997493
1.999074
1.996325
1.999173
1.995881
1.999674
1.995523
1.998656
1.997289
1.997575
1.999464
1.999095
1.999074
1.999981
1.999962
1.996810
1.999383
1.999600
1.996690
1.999430
1.999432
1.999968
1.999941
1.999170
1.998747
1.998614
1.998972
1.998363
1.998519
1.999093
1.999601
1.996206
1.997792
1.999114
1.998506
1.999234
1.993787
1.998696
1.997462
1.999685
1.999666
1.996056
1.992848
1.998971
1.997309
1.999646
1.999522
1.996743
1.997530
1.997596
1.999251
1.999282
1.994492
1.996306
1.996935
1.998193
1.999258
1.998838
1.997990
1.998326
1.999632
1.998545
1.999497
1.999080
1.998077
1.996565
1.997389
1.999992
1.997598
1.998647
1.999093
1.997620
1.999054
1.998000
1.999968
1.997924
1.997117
1.999006
1.999406
1.999831
1.998643
1.999595
1.998008
1.994784
1.995957
1.997248
1.998561
1.999300
1.997758
1.999828
1.999787
1.997729
1.994122
1.991945
1.996676
1.997769
1.999240
1.999812
1.997951
1.997777
1.999938
1.999252
1.998044
1.999676
1.999743
1.999352
1.998271
1.997552
1.996399
1.991955
1.999247
1.998261
1.998358
1.999566
1.991480
1.998396
1.998643
1.997503
1.993181
1.998411
1.997871
1.999881
1.996943
1.998389
1.998054
1.990286
1.999479
1.998918
1.999411
1.997147
1.992049
1.999167
1.999696
1.999490
1.996004
1.999103
1.998796
1.997695
1.999912
1.998469
1.999714
1.996786
1.999286
1.997124
1.999963
1.996061
1.999770
1.994117
1.998586
1.998222
1.997669
1.995842
1.998093
1.999668
1.999571
1.999989
1.997259
1.994567
1.999613
1.998295
1.997016
1.997272
1.997894
1.995090
1.995365
1.997319
1.999430
1.999701
1.999045
1.993443
1.998170
1.996681
1.996790
1.999490
1.999651
1.999362
1.998548
1.998999
1.997461
1.998725
1.997599
1.992247
1.998427
1.998188
1.999104
1.996899
1.998503
1.999369
1.999624
1.997841
1.998569
1.997680
1.998324
1.999379
1.997297
1.999785
1.992809
1.997757
1.999665
1.997183
1.999631
1.994403
1.996105
1.998768
1.995932
1.999854
1.998121
1.996242
1.995780
1.998907
1.999598
1.998165
1.998889
1.991554
1.999969
1.999231
1.995568
1.998007
1.999448
1.996838
1.999335
1.995499
1.999856
1.998808
1.997889
1.999736
1.995110
1.999483
1.999744
1.999100
1.993800
1.997067
1.997403
1.999743
1.999307
1.999450
1.998182
1.999957
1.999732
1.998212
1.997453
1.998312
1.999592
1.998881
1.994883
1.994608
1.999949
1.995717
1.999832
1.999986
1.998383
1.995064
1.998839
1.999053
1.997264
1.999879
1.999620
1.995108
1.999710
1.999202
1.997701
1.998899
1.999779
1.995942
1.997272
1.998542
1.999856
1.996359
1.998115
1.999354
1.996069
1.998085
1.998807
1.999074
1.996305
1.999834
1.999042
1.999380
1.999832
1.999752
1.998620
1.998960
1.999944
1.999265
1.999875
1.997404
1.988624
1.999379
1.996240
1.999487
1.988844
1.998393
1.999211
1.992046
1.996446
1.995592
1.998179
1.997695
1.999368
1.999264
1.995610
1.999811
1.997264
1.999140
1.999404
1.996218
1.998489
1.999211
1.997312
1.997421
1.999364
1.996941
1.999655
1.998432
1.998379
1.998776
1.998318
1.999020
1.996673
1.999660
1.996677
1.997963
1.999457
1.996916
1.998779
1.997670
1.996278
1.996184
1.997702
1.999948
1.998939
1.999832
1.998966
1.999372
1.998152
1.993994
1.999872
1.997690
1.999036
1.991104
1.995439
1.998310
1.998819
1.999511
1.998726
1.998820
1.998608
1.998254
1.998547
1.998551
1.999768
1.999723
1.999930
1.999999
1.995743
1.996369
1.997656
1.998075
1.994935
1.999255
1.997493
1.999440
1.992265
1.999688
1.998693
1.999894
1.999896
1.998809
1.996920
1.999266
1.999497
1.998861
1.999621
1.998242
1.997650
1.997874
1.996528
1.998640
1.999022
1.998943
1.998185
1.999820
1.999771
1.996647
1.999931
1.997269
1.992493
1.999944
1.998538
1.994409
1.999339
1.997767
1.995555
1.993377
1.992123
1.998204
1.999654
1.993991
1.999467
1.999455
1.997362
1.998038
1.995696
1.996664
1.999158
1.996351
1.996978
1.998725
1.999808
1.996375
1.997403
1.998548
1.999411
1.998373
1.998107
1.999867
1.999158
1.997902
1.998717
1.999260
1.999766
1.997614
1.999963
1.997237
1.999423
1.998002
1.998166
1.998963
1.998983
1.998317
1.992738
1.999088
1.999138
1.998764
1.997540
1.996401
1.997749
1.999563
1.996851
1.998983
1.998544
1.994295
1.999449
1.999353
1.998254
1.999523
1.998547
1.999497
1.998092
1.998896
1.998731
1.998362
1.998857
1.996378
1.996218
1.999449
1.997257
1.998280
1.999868
1.999901
1.998549
1.995555
1.999331
1.995665
1.999522
1.997746
1.998395
1.999693
1.998656
1.998368
1.996268
1.999059
1.998611
1.999500
1.999484
1.999991
1.998131
1.999543
1.991910
1.997906
1.998538
1.999803
1.999279
1.998255
1.996161
1.999010
1.999965
1.995037
1.999288
1.999482
1.997522
1.998780
1.997148
1.999758
1.998023
1.997169
1.999079
1.997064
1.999710
1.997793
1.997671
1.998103
1.999803
1.998583
1.996959
1.997640
1.992640
1.996904
1.999216
1.993291
1.996692
1.999607
1.997822
1.992069
1.996765
1.998068
1.996735
1.999767
1.999171
1.999479
1.998689
1.999257
1.999236
1.999164
1.999904
1.998698
1.995574
1.999436
1.998534
1.996772
1.999984
1.999124
1.997901
1.999316
1.999191
1.998928
1.999413
1.987748
1.996933
1.995523
1.999673
1.997919
1.993883
1.999620
1.999459
1.994128
1.999483
1.998114
1.998875
1.999373
1.999818
1.999616
1.993105
1.997591
1.998241
1.999570
1.999667
1.999747
1.998487
1.999276
1.999740
1.996359
1.996980
1.998503
1.997661
1.999816
1.999373
1.998803
1.998112
1.997226
1.998840
1.999919
1.997500
1.996990
1.998885
1.995963
1.999945
1.996043
1.998778
1.999619
1.998484
1.999649
1.999241
1.998439
1.995659
1.999982
1.996901
1.999722
1.998821
1.999905
1.999454
1.998475
1.998649
1.998034
1.998934
1.996694
1.999795
1.999174
1.998296
1.999116
1.999176
1.998550
1.998418
1.999837
1.997023
1.998600
1.998877
1.999712
1.996550
1.999367
1.998409
1.999253
1.995767
1.998493
1.999686
1.996789
1.999206
1.997702
1.997522
1.999688
1.999413
1.999196
1.997298
1.995729
1.998328
1.998197
1.998043
1.996873
1.996986
1.999698
1.997787
1.999801
1.999861
1.998187
1.999783
1.998809
1.997657
1.998239
1.998757
1.997230
1.999363
1.997278
1.995761
1.995632
1.998905
1.992543
1.998354
1.999727
1.997950
1.998425
1.999547
1.998184
1.989707
1.992789
1.997091
1.999483
1.997899
1.996543
1.995685
1.998243
1.999894
1.998124
1.999386
1.996424
1.999689
1.998314
1.993710
1.999141
1.998349
1.996165
1.999649
1.999370
1.999643
1.990910
1.995640
1.998067
1.999564
1.996796
1.998414
1.998240
1.995817
1.999629
1.996596
1.998187
1.999234
1.999494
1.990157
1.999869
1.999318
1.999771
1.999761
1.998947
1.999868
1.993747
1.996797
1.998540
1.997926
1.994870
1.998536
1.997928
1.999096
1.994547
1.996916
1.988587
1.999491
1.997794
1.995538
1.995718
1.999358
1.998878
1.996785
1.996694
1.999594
1.999814
1.997778
1.999485
1.999044
1.997869
1.999968
1.997863
1.999982
1.999270
1.997740
1.996690
1.995585
1.994113
1.998676
1.999463
1.998238
1.999448
1.998821
1.997716
1.997274
1.999945
1.998542
1.995840
1.997135
1.995692
1.996343
1.998336
1.999772
1.999963
1.999044
1.999756
1.997537
1.999077
1.999943
1.998313
1.996832
1.998797
1.994720
1.998819
1.998181
1.997985
1.998780
1.997577
1.995782
1.995558
1.998426
1.997467
1.997346
1.995122
1.998824
1.998297
1.997910
1.999697
1.994055
1.999181
1.997309
1.998671
1.997398
1.999765
1.993762
1.998647
1.998412
1.999017
1.999932
1.998896
1.999538
1.999459
1.999480
1.992311
1.998649
1.999937
1.999375
1.999298
1.997508
1.999614
1.999542
1.997293
1.998386
1.998677
1.999121
1.999326
1.999217
1.998691
1.999710
1.999979
1.996455
1.997864
1.997952
1.997836
1.998401
1.995877
1.999704
1.999711
1.998964
1.999294
1.993614
1.996605
1.995337
1.999835
1.994990
1.993830
1.995308
1.998613
1.998909
1.998981
1.999686
1.998322
1.998868
1.996933
1.999006
1.998787
1.999716
1.999518
1.999783
1.995921
1.999270
1.999041
1.996454
1.994914
1.995774
1.999364
1.999578
1.995321
1.999581
1.999658
1.994283
1.994876
1.999123
1.999109
1.999518
1.999796
1.999876
1.999966
1.997796
1.995232
1.996608
1.999777
1.997660
1.999172
1.995580
1.999619
1.991290
1.999313
1.997547
1.999591
1.996545
1.995193
1.994715
1.999451
1.998631
1.996189
1.997122
1.999620
1.996601
1.998458
1.998815
1.999084
1.999754
1.995650
1.999108
1.999737
1.999791
1.996010
1.995651
1.999434
1.999908
1.992431
1.998835
1.998892
1.997022
1.999718
1.996637
1.998941
1.999470
1.998138
1.999370
1.999336
1.996547
1.998201
1.999572
1.997804
1.998231
1.999273
1.999797
1.998770
1.997668
1.999367
1.996808
1.995238
1.999265
1.999834
1.996125
1.996996
1.999929
1.996877
1.999783
1.999556
1.999412
1.993641
1.999376
1.997992
1.998434
1.999363
1.999915
1.999259
1.998986
1.996738
1.995880
1.999234
1.998697
1.999035
1.999555
1.999038
1.995735
1.999106
1.999611
1.999330
1.997138
1.996542
1.999083
1.999148
1.999499
1.999659
1.997201
1.999046
1.994902
1.999014
1.999234
1.998069
1.996340
1.999345
1.998724
1.998717
1.999820
1.999321
1.987320
1.999951
1.994708
1.999299
1.998517
1.998622
1.999557
1.996829
1.998906
1.998754
1.997962
1.998924
1.999987
1.999170
1.997259
1.992826
1.995217
1.999167
1.999153
1.998498
1.999319
1.996944
1.999038
1.999849
1.997341
1.999048
1.998917
1.997144
1.998647
1.998181
1.995591
1.999309
1.999555
1.998426
1.997121
1.997492
1.998980
1.998873
1.997888
1.998264
1.996941
1.999289
1.999106
1.999306
1.999588
1.996058
1.997835
1.995682
1.997219
1.996961
1.997896
1.998468
1.996822
1.997705
1.998460
1.997723
1.995353
1.995824
1.993175
1.998047
1.999949
1.997829
1.999374
1.995066
1.998637
1.999433
1.999622
1.999941
1.999382
1.999587
1.997657
1.999362
1.997032
1.999108
1.999187
1.993610
1.999237
1.998691
1.999945
1.995569
1.999791
1.999727
1.999205
1.998992
1.999527
1.999429
1.999005
1.999476
1.997896
1.998540
1.998983
1.996693
1.997932
1.993879
1.997819
1.999645
1.997507
1.998174
1.998551
1.999860
1.992607
1.999565
1.999138
1.999966
1.995032
1.999186
1.996530
1.998631
1.999301
1.999026
1.997727
1.999432
1.996942
1.997501
1.990865
1.999424
1.998766
1.999096
1.999682
1.997457
1.999998
1.989421
1.999897
1.993227
1.999147
1.999827
1.998375
1.999343
1.998182
1.997676
1.999156
1.996696
1.999805
1.999781
1.999730
1.999294
1.998548
1.997272
1.998085
1.997711
1.998728
1.999467
1.994230
1.999350
1.999569
1.998695
1.997686
1.995320
1.995635
1.997413
1.998069
1.994271
1.999330
1.999988
1.998567
1.997033
1.999789
1.997930
1.996675
1.999225
1.997814
1.997878
1.999723
1.998345
1.998034
1.996740
1.999353
1.999913
1.999751
1.999473
1.998693
1.999759
1.998788
1.992592
1.994309
1.999805
1.999553
1.998084
1.995816
1.996085
1.999728
1.999878
1.996652
1.996750
1.998177
1.999070
1.998711
1.999470
1.999068
1.997608
1.997860
1.999872
1.999940
1.998722
1.990400
1.998167
1.999005
1.998090
1.994922
1.998562
1.997922
1.987838
1.996718
1.998770
1.999010
1.998767
1.998847
1.999830
1.999540
1.996536
1.998045
1.999991
1.999999
1.998495
1.999839
1.993467
1.998432
1.997891
1.998127
1.999257
1.999143
1.999903
1.997173
1.998566
1.998642
1.998807
1.995674
1.999916
1.999134
1.998772
1.999268
1.996516
1.999054
1.998592
1.996611
1.998074
1.998028
1.999313
1.993154
1.998904
1.999349
1.992739
1.999645
1.996653
1.999049
1.997926
1.993483
1.998839
1.993789
1.997848
1.997632
1.999811
1.998279
1.999599
1.998749
1.997012
1.999681
1.999722
1.999824
1.999919
1.995219
1.997004
1.999576
1.997910
1.997792
1.999853
1.999475
1.997985
1.999693
1.998549
1.999852
1.991300
1.998738
1.999733
1.999752
1.997278
1.999786
1.999891
1.992997
1.999378
1.999661
1.998765
1.999827
1.992941
1.997808
1.999543
1.997790
1.997514
1.998620
1.998377
1.999318
1.996444
1.997523
1.999487
1.999536
1.998691
1.999901
1.999221
1.998808
1.999804
1.996018
1.998935
1.996820
1.996857
1.998338
1.999634
1.999081
1.999839
1.997392
1.994992
1.998905
1.999247
1.998982
1.997487
1.999827
1.998717
1.997277
1.996040
1.999719
1.998298
1.998806
1.996868
1.999412
1.999805
1.996200
1.999965
1.997204
1.998813
1.996917
1.994573
1.999034
1.998684
1.996723
1.994752
1.997575
1.995676
1.998451
1.999463
1.998262
1.997159
1.999012
1.995972
1.998249
1.997268
1.998660
1.995067
1.996833
1.999015
1.994099
1.999354
1.999487
1.999350
1.998701
1.999378
1.997531
1.998654
1.999995
1.996552
1.999607
1.998576
1.999812
1.999386
1.998716
1.999463
1.998150
1.996881
1.998971
1.999101
1.998819
1.999915
1.999770
1.999716
1.998364
1.999036
1.999860
1.999835
1.997946
1.999826
1.998606
1.998483
1.999396
1.999294
1.994659
1.997889
1.998129
1.993117
1.998948
1.997889
1.998924
1.998051
1.997449
1.999783
1.999461
1.997605
1.997289
1.998850
1.999674
1.999275
1.998529
1.998033
1.999262
1.999221
1.996189
1.998994
1.999937
1.999449
1.997401
1.991540
1.999018
1.997640
1.999507
1.997757
1.999366
1.997869
1.995607
1.999161
1.999455
1.994604
1.999427
1.997547
1.998950
1.998448
1.996824
1.999978
1.996447
1.998806
1.999117
1.996167
1.999213
1.999660
1.999182
1.994233
1.999510
1.998525
1.997056
1.994940
1.994644
1.999946
1.999349
1.998656
1.995797
1.998609
1.999660
1.996240
1.999976
1.999358
1.999758
1.997295
1.999176
1.998593
1.999851
1.994119
1.992623
1.999497
1.998410
1.997066
1.999209
1.998540
1.999484
1.996501
1.999699
1.998161
1.996561
1.995261
1.994386
1.994002
1.999843
1.998118
1.994028
1.999587
1.989974
1.999950
1.994054
1.992655
1.996887
1.997840
1.999912
1.994768
1.995950
1.995315
1.997510
1.999518
1.999662
1.999093
1.998749
1.999524
1.995819
1.996792
1.998760
1.999065
1.999702
1.999849
1.998945
1.997492
1.999835
1.999240
1.998944
1.991868
1.997983
1.998560
1.997358
1.999096
1.999870
1.999790
1.997942
1.999366
1.999231
1.999840
1.997223
1.999732
1.998109
1.999335
1.999844
1.998878
1.999999
1.992698
1.999879
1.998493
1.999954
1.999831
1.999343
1.997701
1.999788
1.999883
1.996951
1.998746
1.998323
1.998373
1.999850
1.997585
1.999064
1.998399
1.997750
1.999969
1.995062
1.999845
1.998767
1.999535
1.997456
1.999942
1.997022
1.998169
1.993848
1.999734
1.998228
1.998765
1.994553
1.995994
1.999813
1.998457
1.999790
1.998396
1.996503
1.995443
1.998930
1.995316
1.997415
1.999494
1.997976
1.996097
1.996006
1.992033
1.998930
1.997662
1.998657
1.996873
1.998476
1.999799
1.999794
1.999659
1.997406
1.999128
1.997494
1.998611
1.995323
1.999621
1.998624
1.996921
1.997492
1.997265
1.999080
1.998040
1.999171
1.999426
1.999501
1.998208
1.997728
1.999918
1.995576
1.998621
1.997982
1.999500
1.992541
1.999562
1.994770
1.998172
1.998930
1.999132
1.998190
1.999307
1.999519
1.998941
1.999194
1.997139
1.993514
1.998390
1.996891
1.998991
1.999976
1.998912
1.999427
1.998786
1.999441
1.999585
1.992164
1.994106
1.998248
1.999124
1.998602
1.998866
1.997293
1.996801
1.999841
1.997673
1.997404
1.998694
1.998078
1.994262
1.995751
1.994345
1.999406
1.998113
1.997491
1.999661
1.994618
1.998706
1.998958
1.998386
1.994333
1.999815
1.998495
1.998875
1.999457
1.995895
1.999322
1.999089
1.995829
1.994374
1.999446
1.999863
1.991268
1.999882
1.996198
1.999746
1.998876
1.998689
1.998574
1.998046
1.999626
1.998875
1.997999
1.999160
1.999046
1.995152
1.982977
1.998325
1.999186
1.999181
1.997772
1.998651
1.997402
1.998158
1.996990
1.999351
1.993463
1.987925
1.993894
1.996158
1.999879
1.996026
1.998989
1.998501
1.996822
1.994898
1.999798
1.999087
1.994653
1.999052
1.996548
1.997673
1.997496
1.999765
1.995738
1.997179
1.999687
1.998076
1.999873
1.998631
1.997592
1.998094
1.997523
1.999333
1.999527
1.999015
1.998015
1.999909
1.998776
1.993025
1.998135
1.996384
1.998074
1.999382
1.999684
1.996795
1.996544
1.999180
1.998463
1.997884
1.999857
1.998611
1.994596
1.998482
1.998474
1.996438
1.999662
1.999892
1.998661
1.999864
1.998715
1.997665
1.999300
1.999925
1.997286
1.997360
1.999577
1.996878
1.998566
1.998102
1.998450
1.998724
1.998719
1.997649
1.998731
1.998983
1.999633
1.993898
1.998795
1.999148
1.999131
1.997072
1.998824
1.999227
1.998047
1.998126
1.999523
1.998735
1.999496
1.999780
1.998996
1.997371
1.998859
1.997819
1.997406
1.998536
1.998486
1.998992
1.997174
1.999857
1.998665
1.998197
1.997925
1.998169
1.999689
1.999524
1.998247
1.997791
1.999143
1.996430
1.998657
1.998417
1.998492
1.999222
1.998827
1.997137
1.988468
1.999800
1.999112
1.995178
1.999265
1.998722
1.999924
1.996835
1.999131
1.999584
1.998815
1.998290
1.999046
1.999520
1.997644
1.999394
1.998745
1.999808
1.998563
1.999047
1.999891
1.993143
1.996835
1.999917
1.996028
1.998767
1.992912
1.997060
1.998973
1.998540
1.998525
1.998386
1.999917
1.997993
1.998241
1.993341
1.999624
1.999667
1.996785
1.996871
1.996796
1.999159
1.999319
1.999258
1.996482
1.996799
1.994983
1.999639
1.998836
1.998885
1.999635
1.993843
1.999378
1.996924
1.999532
1.999142
1.998828
1.996419
1.999358
1.999781
1.998898
1.997571
1.994857
1.999571
1.999699
1.993075
1.998272
1.997859
1.999323
1.999463
1.999239
1.994830
1.998629
1.996156
1.997636
1.998701
1.999369
1.997932
1.999772
1.999694
1.999000
1.999434
1.997527
1.999625
1.997848
1.998115
1.999330
1.999927
1.997423
1.998952
1.999283
1.999300
1.998360
1.998874
1.999612
1.996376
1.998808
1.997666
1.998692
1.997490
1.998785
1.998722
1.999027
1.996847
1.998994
1.999593
1.998157
1.999366
1.999624
1.995952
1.999731
1.999685
1.997557
1.998448
1.999988
1.998405
1.999280
1.999107
1.990039
1.995054
1.998628
1.993741
1.999144
1.994299
1.999537
1.999599
1.997853
1.998444
1.999713
1.997495
1.999819
1.995377
1.999808
1.998540
1.997856
1.994594
1.996374
1.998601
1.998643
1.999927
1.996478
1.999167
1.997459
1.996230
1.996321
1.997886
1.997830
1.998807
1.999692
1.999249
1.999619
1.997324
1.999073
1.998141
1.998281
1.999305
1.998542
1.999308
1.993201
1.999438
1.998907
1.998417
1.999669
1.995017
1.998890
1.998621
1.998627
1.995605
1.999802
1.995449
1.997885
1.997306
1.999052
1.999238
1.998303
1.999853
1.998586
1.999807
1.996770
1.998070
1.999289
1.999548
1.998484
1.999881
1.997450
1.996203
1.999958
1.999594
1.997091
1.996582
1.999288
1.998738
1.999751
1.996966
1.996437
1.998528
1.995994
1.998635
1.991402
1.999439
1.999507
1.999428
1.999083
1.999208
1.997106
1.999048
1.999061
1.999267
1.991453
1.998815
1.994867
1.994639
1.997742
1.999168
1.997206
1.996193
1.998917
1.997048
1.999438
1.997344
1.999476
1.997454
1.999606
1.996499
1.999730
1.999452
1.997228
1.996917
1.997904
1.993782
1.996001
1.998405
1.997758
1.997436
1.997859
1.998683
1.998245
1.997349
1.998116
1.999996
1.999286
1.995690
1.998687
1.997268
1.997448
1.999356
1.999306
1.992978
1.997677
1.999085
1.998352
1.998880
1.999211
1.998670
1.999893
1.996007
1.998730
1.998341
1.999609
1.998928
1.998275
1.998935
1.998154
1.996534
1.996928
1.996634
1.999928
1.999478
1.997396
1.998799
1.999601
1.996434
1.999784
1.994087
1.997314
1.998399
1.999063
1.999112
1.998813
1.997364
1.996364
1.998200
1.998632
1.999862
1.998809
1.997605
1.999793
1.998231
1.998962
1.999642
1.997199
1.999889
1.996465
1.999993
1.999996
1.995299
1.999633
1.996880
1.999960
1.996529
1.998307
1.997919
1.999885
1.999386
1.999740
1.998838
1.999286
1.998130
1.999430
1.999516
1.999945
1.998202
1.998586
1.999603
1.999407
1.997017
1.999456
1.999819
1.990656
1.999797
1.996919
1.998390
1.998130
1.998186
1.996403
1.999438
1.999627
1.995028
1.995441
1.996599
1.998946
1.999092
1.992656
1.998057
1.999118
1.996095
1.999090
1.999365
1.999225
1.997479
1.995590
1.999808
1.999839
1.999540
1.996844
1.999794
1.997800
1.998870
1.999450
1.994142
1.998770
1.999974
1.999871
1.998231
1.995233
1.996996
1.998815
1.998059
1.999040
1.999926
1.998776
1.999736
1.998274
1.998052
1.999638
1.993487
1.999687
1.997932
1.998699
1.998756
1.998992
1.998752
1.999586
1.998325
1.998342
1.999916
1.999656
1.995837
1.999102
1.997997
1.997033
1.994579
1.996106
1.998647
1.999006
1.999859
1.999539
1.999163
1.999845
1.998961
1.997610
1.995997
1.998488
1.999926
1.999811
1.999968
1.998701
1.997382
1.999737
1.999160
1.999613
1.996907
1.999041
1.991952
1.998023
1.999690
1.999621
1.999415
1.994442
1.999320
1.999992
1.997762
1.998491
1.999035
1.994184
1.990038
1.999622
1.995648
1.997905
1.999345
1.999928
1.997390
1.999371
1.997872
1.993737
1.996562
1.996024
1.997041
1.996567
1.997604
1.998080
1.999484
1.998952
1.997675
1.999665
1.999407
1.999597
1.998317
1.997833
1.999837
1.999565
1.998120
1.999504
1.998952
1.996816
1.999737
1.998269
1.997983
1.998915
1.999944
1.999539
1.998175
1.998555
1.995766
1.998774
1.998893
1.996089
1.996671
1.999116
1.997151
1.999019
1.999876
1.995873
1.996845
1.998246
1.996981
1.999125
1.999822
1.997231
1.995217
1.999188
1.998961
1.999485
1.997368
1.998902
1.994941
1.995968
1.997560
1.998904
1.998824
1.998530
1.998911
1.996535
1.998309
1.999724
1.994459
1.997894
1.993308
1.999941
1.999436
1.999577
1.999205
1.997585
1.998702
1.994206
1.998703
1.994957
1.998071
1.999746
1.997352
1.999477
1.995631
1.999538
1.995276
1.998035
1.998048
1.999486
1.995016
1.997205
1.998839
1.999166
1.997810
1.995044
1.999563
1.999010
1.996362
1.992737
1.998876
1.997322
1.999712
1.999763
1.999095
1.997622
1.997696
1.997694
1.999651
1.999717
1.991819
1.997923
1.988504
1.999156
1.998934
1.996232
1.998912
1.999772
1.998141
1.999407
1.999015
1.999870
1.998018
1.998512
1.999481
1.999114
1.999986
1.995868
1.995672
1.997417
1.997349
1.995426
1.996260
1.997427
1.998062
1.999798
1.999897
1.998795
1.998102
1.998753
1.999304
1.999496
1.999911
1.994768
1.998696
1.996997
1.993710
1.999622
1.999421
1.999403
1.999419
1.996586
1.996735
1.999059
1.994336
1.999982
1.996112
1.999256
1.999690
1.999694
1.999991
1.998093
1.997706
1.998175
1.999174
1.998133
1.999776
1.999902
1.998040
1.999348
1.996983
1.999167
1.999724
1.999059
1.999657
1.997576
1.991778
1.997433
1.999995
1.999556
1.997567
1.999412
1.999995
1.999108
1.995135
1.999724
1.997124
1.998119
1.996103
1.994022
1.998205
1.999905
1.999646
1.998357
1.999795
1.997658
1.999390
1.996325
1.998930
1.995519
1.999908
1.998180
1.998059
1.997891
1.999100
1.998891
1.995229
1.995831
1.998272
1.999755
1.999803
1.995014
1.998898
1.999989
1.999860
1.998201
1.998849
1.999828
1.991532
1.997436
1.996332
1.999926
1.999469
1.998727
1.999268
1.999646
1.999143
1.999282
1.999770
1.995579
1.999416
1.998454
1.997559
1.999256
1.999604
1.994301
1.997184
1.994983
1.995294
1.999207
1.998653
1.998963
1.999562
1.997143
1.999650
1.999879
1.996906
1.999435
1.999699
1.999619
1.998855
1.999178
1.999686
1.996019
1.997801
1.992859
1.999241
1.998120
1.999731
1.995705
1.998168
1.999201
1.999408
1.997283
1.991784
1.999031
1.992728
1.993701
1.997611
1.996269
1.999267
1.996703
1.995736
1.994166
1.998342
1.999871
1.997349
1.999942
1.999071
1.996890
1.994349
1.997684
1.996691
1.998057
1.992155
1.998911
1.996412
1.997572
1.999663
1.999118
1.999507
1.998529
1.999064
1.999691
1.996085
1.995276
1.999780
1.994343
1.999800
1.995220
1.998333
1.998793
1.995494
1.997686
1.996570
1.999784
1.996926
1.998763
1.993530
1.999620
1.999242
1.995997
1.999763
1.994656
1.999706
1.999760
1.999519
1.997869
1.995209
1.999787
1.999717
1.999762
1.999639
1.994227
1.994934
1.999905
1.997064
1.997709
1.994350
1.998102
1.996279
1.998463
1.999815
1.999557
1.998316
1.999260
1.998829
1.996654
1.996092
1.996964
1.998254
1.999227
1.999991
1.998918
1.996059
1.998140
1.999817
1.998161
1.998818
1.998695
1.997891
1.994252
1.994307
1.995567
1.998954
1.997901
1.991543
1.990474
1.999717
1.997749
1.999651
1.999806
1.990492
1.999863
1.999782
1.998899
1.999147
1.998020
1.999151
1.994599
1.999272
1.998800
1.998788
1.997902
1.994732
1.999430
1.999294
1.996415
1.999611
1.998882
1.997310
1.998727
1.997034
1.997745
1.999605
1.995072
1.999019
1.999955
1.999401
1.999528
1.995550
1.999542
1.995802
1.997655
1.999258
1.999046
1.998818
1.995426
1.995639
1.999273
1.999460
1.997705
1.998419
1.996326
1.999372
1.998607
1.997874
1.994005
1.999852
1.999924
1.999312
1.996029
1.995268
1.997423
1.998422
1.997297
1.999875
1.997572
1.999034
1.998073
1.995521
1.993050
1.999400
1.999783
1.999744
1.995869
1.999619
1.998536
1.998386
1.999820
1.999908
1.998379
1.999871
1.999312
1.999982
1.997332
1.994346
1.998855
1.999861
1.999985
1.999681
1.998155
1.997297
1.999898
1.999334
1.996698
1.996214
1.999556
1.988820
1.998805
1.998238
1.999442
1.999964
1.999163
1.999228
1.998127
1.999853
1.997551
1.998918
1.998993
1.989451
1.997305
1.999299
1.997551
1.995616
1.999925
1.998199
1.999017
1.999980
1.996293
1.996577
1.999139
1.997522
1.998861
1.998200
1.998063
1.999957
1.992918
1.999102
1.999175
1.995728
1.998986
1.998619
1.998551
1.999206
1.999686
1.997561
1.998092
1.995975
1.980494
1.996793
1.999681
1.998738
1.998441
1.999252
1.998339
1.999619
1.999914
1.999321
1.996339
1.999472
1.998383
1.996980
1.998762
1.999978
1.996839
1.998659
1.995273
1.997725
1.999903
1.999458
1.998725
1.999666
1.998889
1.997495
1.999505
1.998126
1.993349
1.999275
1.999468
1.998373
1.998351
1.997917
1.998689
1.998923
1.998496
1.998955
1.993842
1.995977
1.999526
1.993769
1.996977
1.998298
1.999732
1.994733
1.995695
1.998375
1.997135
1.998635
1.996471
1.996676
1.999750
1.998571
1.999916
1.999708
1.995864
1.999543
1.998103
1.997164
1.997518
1.995489
1.998239
1.998306
1.998869
1.999287
1.994465
1.999734
1.999899
1.999343
1.999387
1.996985
1.999991
1.998386
1.998502
1.997428
1.997097
1.998098
1.994795
1.999408
1.997343
1.996558
1.999914
1.999616
1.999713
1.998994
1.999260
1.998693
1.999123
1.999620
1.998508
1.997153
1.996990
1.999952
1.999923
1.998303
1.998131
1.999486
1.998931
1.999812
1.998603
1.997044
1.997061
1.998520
1.989954
1.998958
1.999368
1.999379
1.999567
1.996272
1.999226
1.999156
1.998432
1.999939
1.996979
1.998596
1.998642
1.999920
1.999434
1.999372
1.997383
1.998702
1.999056
1.993820
1.999225
1.994956
1.996766
1.997383
1.997325
1.998918
1.999646
1.995230
1.999558
1.999720
1.997186
1.997611
1.997852
1.997918
1.999600
1.998220
1.997775
1.999205
1.999958
1.999512
1.998104
1.996593
1.999098
1.997200
1.991267
1.999895
1.999469
1.996964
1.997005
1.999567
1.999557
1.999385
1.998031
1.997769
1.997769
1.999864
1.993010
1.999495
1.996293
1.998736
1.997333
1.998830
1.999943
1.998711
1.999066
1.999785
1.998210
1.993447
1.999149
1.999518
1.997830
1.998595
1.993952
1.998697
1.996431
1.999925
1.996034
1.997382
1.999565
1.999910
1.999716
1.999708
1.993628
1.999783
1.995085
1.998300
1.997600
1.997271
1.996953
1.999005
1.998789
1.999914
1.999851
1.998294
1.997787
1.997144
1.999566
1.999568
1.997086
1.999517
1.996635
1.996945
1.996302
1.999407
1.996035
1.996860
1.999306
1.998640
1.997159
1.998388
1.992772
1.997991
1.998053
1.998205
1.997352
1.999925
1.994797
1.994608
1.998899
1.997213
1.997422
1.992576
1.997966
1.997587
1.999830
1.997203
1.996422
1.996507
1.999288
1.997914
1.998212
1.999474
1.996875
1.997759
1.995936
1.998576
1.999518
1.996583
1.999850
1.999909
1.998766
1.998220
1.999475
1.999603
1.999713
1.999059
1.996919
1.999165
1.997115
1.997307
1.991799
1.997400
1.999820
1.997943
1.998855
1.999176
1.999035
1.998285
1.999154
1.996858
1.997114
1.999485
1.999650
1.995773
1.997460
1.999460
1.998513
1.994052
1.999833
1.996460
1.995769
1.997799
1.999033
1.994510
1.997781
1.998170
1.992355
1.997024
1.997335
1.995962
1.998650
1.999494
1.997237
1.999743
1.995455
1.994945
1.987200
1.998625
1.998727
1.995138
1.998793
1.998636
1.998180
1.992263
1.998765
1.996788
1.999821
1.999569
1.996313
1.999400
1.999889
1.998147
1.994523
1.998445
1.998543
1.999196
1.999167
1.999458
1.994048
1.999407
1.999744
1.997090
1.997558
1.996835
1.999355
1.997239
1.999131
1.993035
1.999649
1.999403
1.997484
1.998553
1.992483
1.994852
1.997497
1.996325
1.997080
1.996203
1.998532
1.996906
1.998118
1.998174
1.995160
1.999548
1.997739
1.997005
1.995970
1.994377
1.998738
1.998477
1.999825
1.998754
1.996653
1.998974
1.997964
1.997853
1.999473
1.996523
1.998435
1.998504
1.999034
1.995425
1.997696
1.997918
1.999773
1.999939
1.999816
1.999931
1.999201
1.998847
1.998951
1.996415
1.999633
1.999123
1.999898
1.998158
1.999424
1.997589
1.999077
1.998843
1.996092
1.993480
1.999114
1.997597
1.998644
1.999530
1.994976
1.999988
1.993729
1.998937
1.999997
1.999602
1.998905
1.998031
1.998219
1.998640
1.999663
1.999043
1.999975
1.999279
1.998647
1.998201
1.998295
1.999825
1.997668
1.998701
1.996087
1.998258
1.999214
1.997766
1.997365
1.999303
1.997926
1.999266
1.997934
1.997025
1.998518
1.997129
1.996783
1.995403
1.998822
1.995305
1.992909
1.999833
1.993663
1.998192
1.995533
1.999963
1.997159
1.997696
1.999685
1.997269
1.995819
1.991408
1.999570
1.998858
1.999189
1.998704
1.998362
1.999066
1.999842
1.998898
1.992983
1.998049
1.998028
1.994283
1.994667
1.997831
1.998705
1.999923
1.999883
1.997441
1.999483
1.999734
1.998544
1.998873
1.999968
1.999494
1.995175
1.997933
1.998681
1.999722
1.999942
1.999300
1.999331
1.998953
1.998666
1.999489
1.998764
1.999734
1.999296
1.995790
1.999786
1.998007
1.998339
1.999758
1.998112
1.990549
1.999978
1.999209
1.992624
1.999182
1.997569
1.989745
1.997071
1.999804
1.998007
1.999252
1.999584
1.998528
1.999961
1.999083
1.999922
1.998985
1.998911
1.998530
1.996357
1.999232
1.998241
1.994246
1.995869
1.999066
1.996954
1.998390
1.999198
1.990027
1.998479
1.999499
1.997332
1.999681
1.998322
1.998387
1.999878
1.994035
1.996348
1.996615
1.999163
1.999933
1.995052
1.998773
1.999989
1.998338
1.995886
1.999342
1.992922
1.997390
1.998578
1.990775
1.997094
1.998865
1.999921
1.999470
1.996099
1.999606
1.997718
1.999762
1.997105
1.997950
1.999306
1.998315
1.998050
1.995535
1.998212
1.998152
1.998189
1.999704
1.987455
1.996732
1.999012
1.996620
1.998811
1.998291
1.998709
1.998650
1.995886
1.999457
1.997411
1.999940
1.999579
1.999682
1.998856
1.999927
1.997972
1.999513
1.998133
1.997133
1.999149
1.998200
1.999739
1.999612
1.999761
1.998179
1.999625
1.999428
1.996469
1.999351
1.999667
1.998905
1.997378
1.998827
1.996488
1.995237
1.998521
1.994304
1.997176
1.999112
1.999872
1.996564
1.999663
1.998832
1.994029
1.999537
1.999419
1.997802
1.993716
1.995577
1.997270
1.998872
1.999075
1.999730
1.997827
1.996125
1.998546
1.999964
1.995084
1.998175
1.998336
1.999065
1.995744
1.999388
1.992908
1.999245
1.999460
1.996419
1.997329
1.999189
1.999991
1.998965
1.999856
1.991226
1.996225
1.995880
1.999980
1.999940
1.997752
1.998616
1.998829
1.998611
1.998478
1.996389
1.999665
1.999900
1.997298
1.999379
1.999810
1.994894
1.998347
1.998012
1.999557
1.998842
1.998555
1.999572
1.996068
1.999976
1.999441
1.996061
1.997513
1.998478
1.999936
1.999046
1.997923
1.998769
1.999551
1.999906
1.999876
1.997470
1.999557
1.996435
1.998560
1.996463
1.998152
1.999889
1.998917
1.998848
1.997737
1.999422
1.997595
1.998189
1.997785
1.999613
1.998232
1.997384
1.998179
1.998188
1.999817
1.998545
1.999749
1.994887
1.999213
1.999906
1.999922
1.999520
1.997937
1.999108
1.999725
1.996719
1.999728
1.995444
1.999790
1.997186
1.998331
1.995444
1.998983
1.997889
1.996326
1.999135
1.999382
1.996522
1.999155
1.999107
1.999899
1.999550
1.995802
1.997569
1.993293
1.998353
1.999106
1.999532
1.999878
1.998278
1.999453
1.999347
1.995336
1.999720
1.997404
1.999658
1.998834
1.998699
1.997839
1.999402
1.998572
1.995502
1.997406
1.997340
1.999865
1.998897
1.994900
1.997671
1.999359
1.997644
1.999136
1.998787
1.992759
1.994235
1.999257
1.996844
1.997245
1.999349
1.997676
1.997800
1.999541
1.997637
1.997231
1.998461
1.998256
1.997750
1.999912
1.999389
1.999970
1.997464
1.997986
1.999303
1.999904
1.997745
1.996677
1.999929
1.999599
1.999466
1.998521
1.990354
1.999837
1.992667
1.996689
1.999628
1.996418
1.997691
1.996796
1.999822
1.999756
1.994283
1.999061
1.996046
1.998562
1.998771
1.999430
1.995395
1.990147
1.999481
1.999358
1.999962
1.996568
1.995293
1.997318
1.998044
1.995946
1.998954
1.998101
1.998567
1.997873
1.998388
1.994421
1.997058
1.998571
1.998918
1.997956
1.998742
1.999230
1.998776
1.997751
1.999725
1.996337
1.994041
1.998129
1.997656
1.999384
1.997866
1.999811
1.998632
1.997217
1.999318
1.998667
1.999900
1.999883
1.999738
1.996398
1.996965
1.999681
1.998505
1.999372
1.995199
1.998766
1.999911
1.992371
1.999875
1.999045
1.998724
1.999263
1.994855
1.997254
1.995280
1.998772
1.996880
1.999804
1.999796
1.999620
1.995312
1.999323
1.999689
1.999095
1.997388
1.999724
1.991845
1.997975
1.998998
1.999696
1.998737
1.988378
1.997910
1.999493
1.999563
1.998556
1.998700
1.999498
1.999224
1.997301
1.998966
1.999999
1.999509
1.999204
1.998860
1.999706
1.999884
1.999531
1.995860
1.996581
1.999293
1.998987
1.988595
1.998234
1.999832
1.998135
1.998890
1.996431
1.999766
1.996830
1.998425
1.998398
1.998303
1.996158
1.999228
1.996859
1.998736
1.996381
1.998537
1.997214
1.998577
1.999854
1.996617
1.999395
1.997673
1.999246
1.999824
1.999712
1.998977
1.998664
1.999474
1.998667
1.999621
1.999501
1.999281
1.999712
1.999403
1.997212
1.997871
1.996764
1.997799
1.992242
1.999553
1.999562
1.992086
1.990636
1.998908
1.996468
1.998914
1.998631
1.999345
1.998306
1.999375
1.999727
1.995454
1.997811
1.998260
1.997995
1.995506
1.996429
1.997760
1.999758
1.999871
1.993873
1.998690
1.999921
1.998598
1.996090
1.999846
1.998313
1.999259
1.996973
1.999380
1.996869
1.999139
1.996281
1.996182
1.999761
1.999145
1.999670
1.999899
1.996808
1.997665
1.997367
1.995368
1.995695
1.999695
1.999439
1.998623
1.999718
1.994953
1.995503
1.999070
1.998725
1.994138
1.994273
1.996493
1.996145
1.999431
1.998993
1.999741
1.997554
1.998542
1.999717
1.998960
1.997594
1.997971
1.999393
1.998080
1.998858
1.997367
1.999206
1.999673
1.999473
1.999740
1.999478
1.999802
1.999604
1.997931
1.999656
1.998116
1.995739
1.995376
1.999254
1.992579
1.999716
1.999475
1.995146
1.997667
1.998707
1.999407
1.999771
1.998808
1.999220
1.998258
1.995387
1.999127
1.999685
1.994563
1.996426
1.992446
1.999155
1.999935
1.998302
1.995974
1.999095
1.999321
1.999885
1.997542
1.996140
1.998776
1.997968
1.999422
1.998620
1.996419
1.996957
1.999431
1.996945
1.994125
1.997714
1.998405
1.997579
1.998927
1.997830
1.999922
1.995495
1.999999
1.999275
1.998957
1.999603
1.992499
1.999922
1.999194
1.993196
1.994873
1.992275
1.995926
1.998364
1.998975
1.997011
1.998654
1.999907
1.999369
1.992240
1.999378
1.999584
1.997483
1.997599
1.998143
1.999839
1.996349
1.998104
1.996494
1.995612
1.998555
1.999850
1.998622
1.999059
1.999771
1.998999
1.998057
1.999806
1.999461
1.999872
1.998894
1.999176
1.995224
1.999874
1.999357
1.995809
1.994578
1.999841
1.999969
1.997590
1.999707
1.996129
1.998819
1.993007
1.994997
1.997948
1.995409
1.997953
1.998322
1.999720
1.997658
1.996019
1.995622
1.995983
1.999990
1.998476
1.998241
1.994718
1.999468
1.999726
1.990477
1.996675
1.999297
1.998156
1.998031
1.995924
1.995859
1.997899
1.994747
1.998510
1.997333
1.999562
1.994826
1.995070
1.998411
1.999660
1.999993
1.999465
1.999407
1.999328
1.997679
1.999949
1.998414
1.999726
1.997422
1.999017
1.999702
1.997848
1.998481
1.999567
1.999529
1.998533
1.995798
1.998296
1.998813
1.996947
1.998242
1.997967
1.999858
1.998836
1.998021
1.996088
1.997097
1.997346
1.996397
1.999021
1.997321
1.998518
1.998548
1.994007
1.999776
1.998265
1.996163
1.999417
1.999717
1.997850
1.997629
1.995579
1.996016
1.999795
1.999714
1.993061
1.997930
1.999454
1.999355
1.998311
1.999310
1.995877
1.997520
1.999106
1.999953
1.997487
1.997412
1.998240
1.999272
1.998253
1.997173
1.991561
1.995487
1.999984
1.995984
1.999889
1.999610
1.999650
1.995925
1.999048
1.996670
1.996434
1.999297
1.999779
1.998971
1.997450
1.999067
1.997269
1.996193
1.999361
1.999669
1.998739
1.998600
1.996436
1.999831
1.999953
1.997648
1.997749
1.999109
1.998778
1.999924
1.998026
1.992567
1.999463
1.999483
1.995191
1.999937
1.993347
1.997238
1.999008
1.998462
1.999718
1.999521
1.996674
1.999929
1.999786
1.999712
1.999715
1.997851
1.998957
1.999189
1.998764
1.997467
1.999535
1.999577
1.996883
1.996868
1.999079
1.998974
1.999503
1.998079
1.999539
1.997731
1.996668
1.998792
1.996040
1.998993
1.998957
1.999744
1.997665
1.998468
1.999540
1.999667
1.997869
1.997266
1.999032
1.993503
1.998680
1.999842
1.997393
1.991269
1.999033
1.999698
1.996407
1.996629
1.999226
1.994139
1.999402
1.999828
1.999333
1.999333
1.999377
1.999099
1.997179
1.998586
1.999808
1.999186
1.997544
1.999638
1.998594
1.998618
1.997836
1.998242
1.998756
1.997176
1.999715
1.998821
1.999269
1.998837
1.994173
1.988155
1.997941
1.999891
1.997832
1.999973
1.996525
1.999197
1.998741
1.999878
1.999063
1.999178
1.997267
1.999462
1.999253
1.999382
1.996767
1.998610
1.999911
1.999110
1.999579
1.998464
1.999574
1.996793
1.999170
1.999984
1.999837
1.998930
1.997615
1.999841
1.999421
1.999243
1.999957
1.999811
1.997350
1.998298
1.989304
1.999903
1.999905
1.999696
1.998522
1.998227
1.999697
1.999760
1.997642
1.999858
1.995168
1.998057
1.999789
1.997423
1.997864
1.995673
1.998592
1.999868
1.999829
1.998080
1.996241
1.999161
1.994440
1.999739
1.999979
1.997268
1.999816
1.999122
1.999410
1.996990
1.999776
1.999041
1.999527
1.997791
1.999911
1.996701
1.999987
1.998325
1.998797
1.998399
1.994953
1.997814
1.999083
1.994281
1.999841
1.992463
1.999572
1.999044
1.999197
1.999217
1.998111
1.996462
1.999711
1.996501
1.999120
1.989679
1.998077
1.998217
1.999469
1.999302
1.999100
1.997896
1.999238
1.999769
1.990423
1.989796
1.997451
1.999944
1.997872
1.999476
1.994865
1.996499
1.994211
1.999119
1.997970
1.997642
1.999048
1.999301
1.999354
1.996518
1.998771
1.999927
1.999387
1.998199
1.998210
1.997235
1.999062
1.999028
1.996011
1.999847
1.993285
1.999820
1.999449
1.999061
1.998856
1.999576
1.998332
1.997533
1.995057
1.996298
1.996600
1.990047
1.998628
1.999429
1.999966
1.997793
1.999765
1.998750
1.999206
1.997091
1.996621
1.999336
1.999109
1.999928
1.997574
1.999550
1.995297
1.998029
1.998269
1.997837
1.999981
1.998260
1.999645
1.999844
1.998072
1.994977
1.996087
1.997324
1.997373
1.992608
1.997212
1.999972
1.997679
1.999151
1.999772
1.999496
1.999741
1.999980
1.997984
1.999757
1.997047
1.998460
1.999791
1.996823
1.999430
1.998091
1.998164
1.997666
1.999669
1.992285
1.999876
1.999797
1.998299
1.999433
1.999863
1.999557
1.997551
1.999832
1.996401
1.999140
1.997295
1.998871
1.999016
1.999533
1.999757
1.999637
1.997632
1.999329
1.997274
1.993969
1.999676
1.999384
1.994256
1.999898
1.997500
1.997712
1.996832
1.997652
1.998817
1.999880
1.999441
1.997132
1.994424
1.997078
1.998048
1.999791
1.995981
1.999766
1.994700
1.996536
1.999617
1.999939
1.993461
1.985827
1.999699
1.999191
1.999642
1.998437
1.998041
1.999637
1.995260
1.999359
1.998754
1.997881
1.998806
1.996954
1.999187
1.999038
1.998221
1.998750
1.996568
1.998655
1.998620
1.998370
1.997373
1.999134
1.993042
1.996979
1.999639
1.994849
1.999919
1.998363
1.999801
1.999972
1.998655
1.999655
1.997663
1.999610
1.998784
1.997987
1.998102
1.995732
1.995956
1.999962
1.999809
1.998923
1.998998
1.999995
1.994986
1.998163
1.999928
1.999019
1.998975
1.998703
1.997617
1.999695
1.998034
1.999411
1.999916
1.992331
1.999130
1.996015
1.999109
1.996310
1.997661
1.999526
1.996528
1.999316
1.994318
1.997781
1.999146
1.997719
1.994027
1.998901
1.999105
1.993366
1.995745
1.999998
1.999324
1.998905
1.997014
1.998977
1.999978
1.996966
1.999447
1.997661
1.994989
1.998895
1.996215
1.998605
1.998776
1.998352
1.994346
1.998950
1.998211
1.997524
1.998316
1.998544
1.999899
1.998960
1.999857
1.999048
1.999510
1.999197
1.999775
1.994693
1.999456
1.996622
1.998206
1.996870
1.997663
1.999875
1.999353
1.999650
1.998265
1.998735
1.997838
1.999407
1.998552
1.990700
1.993037
1.999856
1.997835
1.997458
1.998887
1.997030
1.997096
1.999449
1.998966
1.999983
1.999926
1.996479
1.999264
1.999893
1.999434
1.996578
1.999956
1.999943
1.999385
1.996725
1.997832
1.998226
1.997951
1.998759
1.999518
1.999869
1.998996
1.999490
1.999906
1.997517
1.999992
1.999654
1.996563
1.999593
1.999933
1.993710
1.994985
1.999746
1.997906
1.996945
1.999996
1.998177
1.999093
1.994943
1.999330
1.997895
1.998826
1.999080
1.998662
1.997267
1.998483
1.999784
1.998583
1.996370
1.998241
1.997985
1.999165
1.996755
1.998681
1.998677
1.995425
1.999294
1.998389
1.998328
1.996950
1.999999
1.999669
1.999502
1.998006
1.999355
1.999868
1.998874
1.998945
1.999789
1.995919
1.996906
1.997045
1.997880
1.999669
1.998837
1.998944
1.998432
1.999793
1.995228
1.997976
1.994193
1.998277
1.998255
1.998156
1.999054
1.998955
1.999716
1.995109
1.999811
1.999193
1.998802
1.999053
1.992734
1.995995
1.998751
1.999997
1.996835
1.996483
1.998566
1.999470
1.999616
1.996389
1.997921
1.996549
1.999377
1.998723
1.999210
1.998829
1.999561
1.997154
1.996249
1.997791
1.999468
1.999873
1.999719
1.998470
1.993729
1.996057
1.999823
1.999256
1.998966
1.999427
1.999469
1.998814
1.997196
1.998039
1.997910
1.997025
1.999822
1.999294
1.998820
1.993549
1.995210
1.997959
1.998607
1.998508
1.998751
1.999085
1.997001
1.998042
1.998590
1.995262
1.998906
1.998104
1.998687
1.997823
1.995253
1.998367
1.999893
1.999075
1.998836
1.999242
1.999805
1.999672
1.999108
1.999518
1.998189
1.995948
1.999142
1.999138
1.999907
1.999417
1.993059
1.998232
1.999411
1.999620
1.996817
1.994907
1.999432
1.998638
1.996709
1.995566
1.999413
1.998843
1.993550
1.999096
1.998049
1.998686
1.997505
1.998581
1.995433
1.999424
1.993732
1.996156
1.997304
1.999553
1.998654
1.999113
1.996003
1.999929
1.999421
1.998801
1.998446
1.999109
1.998102
1.999363
1.998837
1.996132
1.999877
1.997352
1.992292
1.998042
1.999786
1.999864
1.999335
1.999327
1.996398
1.998422
1.999732
1.999753
1.999680
1.999578
1.997716
1.997162
1.998445
1.997934
1.996525
1.997041
1.997760
1.999763
1.998352
1.999343
1.998497
1.991417
1.998268
1.999825
1.998831
1.991807
1.997448
1.996320
1.999886
1.996988
1.997912
1.998069
1.999727
1.999502
1.999478
1.999188
1.998296
1.996273
1.997450
1.999446
1.998272
1.999989
1.998780
1.998301
1.998183
1.999983
1.999553
1.998790
1.996949
1.997347
1.999161
1.999844
1.996301
1.996043
1.999454
1.995474
1.992158
1.999915
1.999793
1.997982
1.995073
1.996278
1.992564
1.999728
1.996818
1.996627
1.998405
1.995704
1.998340
1.998341
1.998636
1.997487
1.997064
1.997461
1.990507
1.999927
1.999162
1.997499
1.999256
1.999506
1.998950
1.997558
1.999301
1.999156
1.999646
1.995963
1.999473
1.998610
1.998429
1.997722
1.997909
1.995745
1.998431
1.998738
1.999863
1.999748
1.999640
1.999862
1.998016
1.998150
1.999406
1.998183
1.999158
1.996942
1.999906
1.999983
1.996803
1.999248
1.999410
1.996256
1.998714
1.996167
1.999817
1.999226
1.996800
1.995675
1.998825
1.996480
1.997508
1.997981
1.999973
1.999010
1.995734
1.999875
1.996499
1.992410
1.998740
1.996938
1.999180
1.999847
1.999000
1.997955
1.996791
1.998814
1.996947
1.998787
1.998910
1.999572
1.998935
1.995223
1.998668
1.999376
1.997056
1.996783
1.993816
1.990443
1.999277
1.998458
1.998590
1.999240
1.997868
1.998275
1.999372
1.996134
1.999531
1.996337
1.997933
1.997692
1.991920
1.999647
1.997478
1.999929
1.996549
1.994326
1.997792
1.999079
1.999159
1.999383
1.999337
1.990178
1.998608
1.999707
1.995326
1.998784
1.998903
1.999776
1.998600
1.998017
1.995605
1.999854
1.999801
1.999900
1.999216
1.998863
1.999455
1.997464
1.997764
1.999729
1.999978
1.998502
1.997832
1.999348
1.999858
1.999760
1.999297
1.998654
1.997341
1.998915
1.997368
1.991260
1.999411
1.996759
1.999984
1.994997
1.999933
1.999839
1.998422
1.998693
1.996878
1.992762
1.998651
1.999523
1.999165
1.998992
1.997084
1.998544
1.999031
1.996206
1.994239
1.999150
1.998501
1.999069
1.998457
1.999256
1.996396
1.997819
1.999983
1.998141
1.992359
1.999586
1.997889
1.997254
1.998393
1.999239
1.999681
1.992954
1.999629
1.997260
1.996254
1.998368
1.999136
1.999660
1.999405
1.996522
1.999189
1.995558
1.998541
1.998615
1.996031
1.999201
1.999257
1.999722
1.996910
1.998962
1.998256
1.999539
1.999729
1.999904
1.993382
1.999998
1.998428
1.999006
1.994698
1.994420
1.997002
1.999946
1.999860
1.995577
1.999789
1.998141
1.999197
1.995992
1.999907
1.990875
1.999387
1.999801
1.999026
1.999216
1.999188
1.998346
1.999792
1.999510
1.997785
1.997387
1.999506
1.999175
1.998502
1.997181
1.996464
1.995373
1.998329
1.999076
1.986922
1.996874
1.999964
1.998516
1.999016
1.999853
1.997049
1.998197
1.997650
1.992589
1.999107
1.994532
1.999424
1.993498
1.996394
1.999200
1.999214
1.997102
1.997894
1.997472
1.995072
1.997175
1.999877
1.994707
1.998154
1.999080
1.998843
1.999187
1.999645
1.999006
1.993324
1.995032
1.999712
1.998178
1.997881
1.998801
1.998738
1.999598
1.996993
1.998401
1.997509
1.998472
1.999930
1.999431
1.998489
1.999273
1.996227
1.998324
1.999607
1.998800
1.997611
1.998576
1.998643
1.999523
1.999957
1.999345
1.999127
1.998731
1.999107
1.991306
1.998823
1.999967
1.999950
1.997971
1.998173
1.994953
1.997256
1.996653
1.996668
1.998933
1.996558
1.999276
1.996495
1.999230
1.999184
1.999917
1.999947
1.999592
1.999812
1.997892
1.996861
1.999907
1.999742
1.999760
1.999792
1.998225
1.994192
1.998487
1.998196
1.998833
1.999824
1.996978
1.995810
1.995487
1.999772
1.999506
1.997144
1.999992
1.999786
1.999725
1.999377
1.999937
1.998697
1.997781
1.999241
1.996154
1.998254
1.996790
1.996130
1.997878
1.998505
1.999091
1.998381
1.992315
1.998632
1.996629
1.999201
1.999358
1.997590
1.999458
1.996668
1.997539
1.997685
1.998215
1.996789
1.999690
1.999732
1.998826
1.999336
1.996639
1.999741
1.994327
1.998581
1.998353
1.998835
1.999804
1.993566
1.999351
1.999928
1.999866
1.999139
1.998959
1.999483
1.999681
1.996846
1.999978
1.997985
1.996169
1.999624
1.999715
1.999574
1.996171
1.999052
1.996791
1.997909
1.998944
1.996464
1.996951
1.997540
1.997352
1.999709
1.996021
1.999596
1.997345
1.998099
1.998300
1.994892
1.997162
1.999006
1.999674
1.999942
1.998976
1.998291
1.998839
1.999529
1.999812
1.995579
1.999644
1.994112
1.997772
1.997306
1.997400
1.999161
1.999595
1.997403
1.999900
1.998839
1.997680
1.999250
1.998686
1.997951
1.999570
1.999049
1.998115
1.999657
1.999947
1.997592
1.996113
1.993085
1.995997
1.998777
1.998300
1.997337
1.999528
1.997806
1.999651
1.998370
1.999564
1.998582
1.999233
1.999565
1.999183
1.994974
1.995493
1.999509
1.996277
1.999961
1.999200
1.998209
1.997731
1.995637
1.999741
1.998746
1.998753
1.999238
1.999673
1.997299
1.996927
1.999589
1.993102
1.996472
1.998774
1.999277
1.988759
1.998486
1.998871
1.996316
1.999258
1.999895
1.999550
1.999668
1.998617
1.999675
1.998332
1.999133
1.997037
1.998307
1.997229
1.999256
1.998498
1.998498
1.999485
1.999928
1.992610
1.998835
1.998611
1.998696
1.996938
1.998141
1.999794
1.997907
1.994845
1.999198
1.999759
1.999890
1.999894
1.998584
1.996926
1.998813
1.997024
1.992392
1.997453
1.998321
1.997430
1.999900
1.999842
1.999513
1.991256
1.997967
1.992080
1.996589
1.997148
1.993502
1.995596
1.998885
1.999989
1.998948
1.998953
1.999478
1.999273
1.999701
1.999768
1.993027
1.998619
1.997546
1.992586
1.998488
1.994698
1.997038
1.992512
1.996997
1.999980
1.999698
1.998754
1.997492
1.998797
1.998634
1.997993
1.999517
1.999640
1.999487
1.999323
1.996729
1.999028
1.996328
1.998619
1.998545
1.994525
1.998203
1.994071
1.999117
1.996643
1.999107
1.993333
1.999396
1.999955
1.996439
1.997969
1.998527
1.997232
1.999726
1.998451
1.998953
1.998883
1.995439
1.993433
1.998006
1.999605
1.998011
1.995422
1.998744
1.997788
1.999193
1.999590
1.998881
1.997185
1.997585
1.997503
1.999311
1.991442
1.998246
1.999977
1.995961
1.995434
1.999274
1.999412
1.999516
1.999278
1.996520
1.999841
1.997521
1.997492
1.999744
1.999682
1.999794
1.999546
1.997594
1.998157
1.999516
1.999880
1.998979
1.996528
1.998738
1.996248
1.997893
1.996247
1.999328
1.998639
1.996609
1.998893
1.999035
1.985676
1.999924
1.998927
1.998871
1.995343
1.995700
1.999586
1.997345
1.995340
1.998211
1.999925
1.997836
1.995795
1.998332
1.997899
1.996884
1.998868
1.998766
1.998359
1.997687
1.998872
1.999014
1.999462
1.998394
1.998632
1.998413
1.999955
1.999957
1.997739
1.999839
1.997740
1.998423
1.999357
1.992841
1.999138
1.999251
1.998109
1.999963
1.997638
1.999459
1.995371
1.994918
1.999469
1.999592
1.999765
1.995752
1.994573
1.999679
1.998711
1.997523
1.999943
1.997642
1.999964
1.997413
1.991876
1.999884
1.999909
1.999892
1.999591
1.998137
1.998291
1.999006
1.997600
1.995996
1.998169
1.998705
1.999357
1.999013
1.999349
1.997853
1.993530
1.998268
1.998481
1.999320
1.998588
1.998480
1.997313
1.996290
1.999103
1.998633
1.999133
1.998914
1.998280
1.998894
1.998521
1.998657
1.999963
1.997287
1.996845
1.998602
1.997739
1.999674
1.999557
1.999644
1.998635
1.999604
1.999866
1.999887
1.998249
1.991991
1.999214
1.999852
1.999315
1.999284
1.997923
1.998739
1.999274
1.996537
1.996834
1.999740
1.997676
1.997831
1.999196
1.999142
1.999541
1.999039
1.997753
1.999196
1.997153
1.996840
1.993758
1.999721
1.996895
1.999392
1.996530
1.999014
1.999915
1.998315
1.998655
1.999184
1.999109
1.997724
1.996445
1.997538
1.991825
1.998662
1.995186
1.998101
1.999829
1.996014
1.997181
1.996493
1.999685
1.998337
1.996991
1.998875
1.996078
1.997793
1.999708
1.997096
1.996293
1.998088
1.997226
1.996145
1.999901
1.999742
1.999509
1.999532
1.998971
1.993347
1.999521
1.998067
1.995846
1.998361
1.999809
1.999401
1.999590
1.998392
1.999984
1.999059
1.999459
1.998983
1.996609
1.996940
1.999447
1.998054
1.997327
1.993778
1.996888
1.993453
1.999411
1.998329
1.998298
1.998500
1.996383
1.996454
1.995737
1.993869
1.998834
1.999247
1.999154
1.998709
1.999722
1.998143
1.999875
1.999517
1.998787
1.999540
1.997225
1.999153
1.996558
1.996767
1.999420
1.994652
1.996849
1.999512
1.999309
1.997221
1.998690
1.999020
1.998481
1.990991
1.999440
1.997119
1.997363
1.997449
1.998466
1.999919
1.998044
1.999844
1.999879
1.998840
1.998893
1.999525
1.997570
1.989827
1.999723
1.993880
1.999028
1.999873
1.997510
1.999382
1.997345
1.997802
1.999726
1.997263
1.999070
1.994742
1.998556
1.997593
1.998960
1.992225
1.998001
1.997551
1.996711
1.999631
1.998159
1.999608
1.998285
1.999833
1.998895
1.999784
1.998454
1.999479
1.999281
1.990292
1.999739
1.999362
1.999019
1.999406
1.999712
1.998904
1.997951
1.997808
1.996918
1.999085
1.998600
1.999031
1.999732
1.999283
1.999314
1.995012
1.998135
1.999795
1.997790
1.997728
1.999617
1.999966
1.999940
1.998667
1.999624
1.999347
1.998931
1.997576
1.997447
1.998903
1.998718
1.996940
1.996162
1.995366
1.993914
1.998692
1.999782
1.999572
1.999680
1.998200
1.997979
1.999839
1.999897
1.995011
1.997283
1.998398
1.996726
1.999980
1.999548
1.996683
1.998520
1.997006
1.997816
1.992117
1.999572
1.995226
1.996209
1.999921
1.999132
1.997957
1.999488
1.999417
1.994811
1.998379
1.999740
1.998516
1.999277
1.999423
1.999424
1.996382
1.999469
1.995103
1.999579
1.998679
1.999715
1.993596
1.995569
1.999691
1.999268
1.993634
1.999755
1.999178
1.998859
1.999002
1.998606
1.997479
1.998434
1.999077
1.998690
1.999752
1.995149
1.999507
1.992112
1.996588
1.998060
1.992168
1.997513
1.999807
1.999312
1.999060
1.999890
1.999529
1.999774
1.999751
1.997016
1.999838
1.999353
1.999157
1.999908
1.999551
1.996785
1.995095
1.998289
1.999163
1.999281
1.999897
1.996821
1.998322
1.995970
1.994848
1.997481
1.998569
1.999979
1.998124
1.997836
1.998238
1.998391
1.999777
1.998269
1.996191
1.999634
1.998157
1.997325
1.999105
1.998545
1.999791
1.997414
1.999926
1.999310
1.999614
1.999330
1.998002
1.996879
1.998890
1.994840
1.999749
1.998772
1.999730
1.998984
1.998982
1.997344
1.998990
1.995499
1.999753
1.997156
1.998212
1.999615
2.000000
1.998890
1.995735
1.999688
1.994061
1.997673
1.998236
1.999572
1.998655
1.999795
1.999368
1.998299
1.999468
1.999182
1.997810
1.998506
1.998368
1.999802
1.991720
1.999909
1.998696
1.997714
1.999312
1.997218
1.998411
1.998320
1.999573
1.999339
1.998577
1.998370
1.999151
1.998668
1.998152
1.999523
1.997616
1.993896
1.997960
1.995472
1.998749
1.998373
1.999973
1.999070
1.995739
1.996180
1.998318
1.997937
1.999445
1.997007
1.996717
1.998324
1.999245
1.999402
1.996295
1.999491
1.999262
1.998537
1.995116
1.998310
1.996209
1.998398
1.997968
1.996951
1.997898
1.998324
1.998563
1.999023
1.995121
1.997975
1.999762
1.998536
1.998837
1.997380
1.998650
1.998327
1.999960
1.997718
1.999294
1.997859
1.993167
1.998954
1.999715
1.998556
1.998765
1.996941
1.999092
1.999669
1.999409
1.997067
1.999051
1.998591
1.995894
1.999135
1.997468
1.999399
1.995177
1.997917
1.997537
1.995439
1.991960
1.998627
1.999896
1.999595
1.999846
1.996903
1.999274
1.999846
1.995486
1.984732
1.993129
1.997180
1.995708
1.996165
1.999124
1.995755
1.998032
1.999825
1.999483
1.997570
1.997964
1.998394
1.998832
1.996661
1.998768
1.999106
1.996948
1.999066
1.998816
1.993732
1.994279
1.998554
1.997281
1.999339
1.996767
1.997588
1.993986
1.997592
1.999521
1.998919
1.999336
1.996107
1.998139
1.998731
1.999628
1.993979
1.998151
1.999047
1.997820
1.999892
1.999342
1.996018
1.999049
1.998506
1.986249
1.998105
1.998839
1.999435
1.999260
1.998508
1.999008
1.998459
1.997027
1.999955
1.995735
1.999686
1.997703
1.997338
1.998022
1.999223
1.999801
1.999916
1.999990
1.996338
1.998995
1.998541
1.994597
1.993680
1.999706
1.999461
1.999303
1.998742
1.999967
1.997730
1.999149
1.999759
1.999735
1.999866
1.998470
1.993624
1.998625
1.999637
1.996290
1.998368
1.997632
1.998426
1.998829
1.999104
1.998967
1.997636
1.998214
1.999822
1.999341
1.996793
1.998985
1.999875
1.995505
1.998777
1.997842
1.995946
1.993723
1.999827
1.999237
1.998378
1.999836
1.999176
1.995718
1.999969
1.996482
1.999933
1.999529
1.999206
1.999618
1.999426
1.995914
1.999780
1.992735
1.999703
1.994483
1.999023
1.998663
1.998106
1.999314
1.997395
1.990217
1.998546
1.997891
1.999080
1.999376
1.995332
1.998247
1.998463
1.999089
1.992542
1.991953
1.999994
1.998046
1.999549
1.996352
1.999515
1.999316
1.998067
1.998020
1.998802
1.996599
1.995932
1.999544
1.999512
1.999126
1.999260
1.999521
1.995895
1.997154
1.998039
1.999863
1.997643
1.995570
1.996851
1.997460
1.998922
1.997724
1.992409
1.999000
1.991368
1.998391
1.999936
1.997770
1.998297
1.998506
1.999479
1.998901
1.999917
1.999121
1.999553
1.999720
1.997401
1.993429
1.999997
1.996916
1.998698
1.999571
1.998374
1.996544
1.998960
1.998728
1.997803
1.995318
1.991098
1.997362
1.996426
1.998561
1.998358
1.999780
1.999437
2.000000
1.999081
1.995191
1.999592
1.997814
1.998090
1.999157
1.998548
1.997007
1.999884
1.999547
1.999541
1.997772
1.998228
1.998678
1.998356
1.999992
1.995947
1.998822
1.999355
1.996955
1.997208
1.999148
1.996241
1.999506
1.997432
1.998636
1.999913
1.999219
1.999475
1.999072
2.000000
1.997496
1.999264
1.994133
1.996750
1.999433
1.998025
1.999935
1.995142
1.999113
1.998081
1.997519
1.999183
1.999299
1.999105
1.999869
1.998016
1.999084
1.999296
1.997103
1.995582
1.999578
1.997879
1.998927
1.999692
1.999920
1.993941
1.998985
1.999775
1.998597
1.993863
1.999202
1.996191
1.999239
1.999543
1.998491
1.999583
1.997163
1.997678
1.998730
1.998719
1.996913
1.996045
1.999435
1.999274
1.999107
1.995412
1.998820
1.999571
1.998124
1.999558
1.999057
1.998432
1.994739
1.998769
1.998871
1.999954
1.998774
1.998805
1.998366
1.998136
1.999477
1.999925
1.999021
1.999383
1.997429
1.994649
1.995964
1.998814
1.996262
1.999904
1.996606
1.991814
1.999370
1.999299
1.996367
1.998671
1.999251
1.999287
1.998742
1.998154
1.997128
1.999689
1.996055
1.998760
1.996550
1.999760
1.999869
1.999166
1.996809
1.994425
1.998270
1.994877
1.998308
1.990315
1.998346
1.999902
1.999739
1.998835
1.998829
1.999778
1.996218
1.998442
1.998937
1.996568
1.996767
1.998261
1.997972
1.998574
1.999543
1.998121
1.996687
1.999924
1.998676
1.996460
1.996622
1.999705
1.999297
1.999750
1.989632
1.998727
1.998220
1.996599
1.999846
1.996456
1.999767
1.999063
1.999125
1.998477
1.996223
1.999701
1.999733
1.997019
1.998665
1.998991
1.997636
1.999748
1.992981
1.999040
1.999431
1.998997
1.999199
1.998713
1.996256
1.997732
1.998457
1.997946
1.999757
1.998748
1.996550
1.996635
1.999780
1.999896
1.999098
1.992820
1.999815
1.996857
1.999066
1.999238
1.992051
1.997225
1.999867
1.999880
1.999836
1.999013
1.999458
1.999705
1.999221
1.998349
1.999543
1.999518
1.999498
1.998647
1.998311
1.993464
1.998908
1.992767
1.999282
1.999823
1.995439
1.989361
1.999340
1.999950
1.995333
1.995105
1.999414
1.994631
1.999196
1.997641
1.999456
1.999578
1.997063
1.996143
1.993288
1.997384
1.998452
1.999685
1.990955
1.999759
1.998165
1.995523
1.999268
1.999553
1.999998
1.997681
1.992316
1.999995
1.997338
1.997614
1.998853
1.999776
1.999254
1.998865
1.995148
1.997254
1.996800
1.996355
1.999906
1.998563
1.997451
1.998837
1.998488
1.999009
1.997949
1.984095
1.999856
1.998228
1.999868
1.999382
1.999704
1.999759
1.998651
1.995465
1.998607
1.998507
1.995045
1.999172
1.999281
1.996765
1.998110
1.998248
1.999610
1.999138
1.999543
1.998211
1.999063
1.999103
1.999039
1.997881
1.996474
1.997387
1.999324
1.992377
1.997736
1.998993
1.999546
1.999462
1.998489
1.998621
1.999317
1.998112
1.999319
1.996244
1.999627
1.992720
1.998965
1.998488
1.997039
1.997225
1.999220
1.999750
1.999448
1.996054
1.998745
1.997447
1.992116
1.998138
1.996886
1.991358
1.999824
1.997748
1.998079
1.997715
1.999197
1.997524
1.998388
1.999545
1.996887
1.997608
1.998210
1.999825
1.997933
1.998765
1.999601
1.998413
1.993588
1.999132
1.999456
1.998663
1.998361
1.993669
1.999313
1.997384
1.996171
1.999091
1.995566
1.999601
1.999561
1.999662
1.999431
1.997633
1.997386
1.999283
1.989015
1.996133
1.998973
1.997848
1.998917
1.998383
1.999602
1.998932
1.999791
1.998465
1.996636
1.997328
1.995218
1.994385
1.998102
1.994409
1.999859
1.997804
1.997606
1.999786
1.999416
1.992188
1.996813
1.998708
1.997246
1.998953
1.998695
1.997943
1.995964
1.991603
1.997475
1.998860
1.996427
1.999285
1.999544
1.999973
1.997275
1.997028
1.997863
1.995045
1.999684
1.998518
1.999621
1.997965
1.999943
1.999526
1.999038
1.999519
1.999550
1.995672
1.999147
1.998140
1.996351
1.998483
1.997222
1.995947
1.991627
1.996777
1.999817
1.995997
1.999995
1.994791
1.998763
1.999419
1.999491
1.999815
1.999829
1.999105
1.999411
1.998561
1.998866
1.995710
1.999728
1.996900
1.997464
1.996218
1.997410
1.999489
1.998337
1.999493
1.999203
1.999677
1.999223
1.998425
1.999261
1.999657
1.999963
1.998385
1.998938
1.997076
1.999502
1.997480
1.999533
1.998806
1.999791
1.998549
1.997931
1.998577
1.999634
1.998698
1.998549
1.999818
1.998597
1.996988
1.999978
1.995312
1.999393
1.999156
1.998360
1.996798
1.999405
1.999219
1.998991
1.998821
1.996706
1.999656
1.999489
1.999695
1.999750
1.993385
1.999893
1.996550
1.999094
1.999990
1.997217
1.998962
1.998788
1.997833
1.995514
1.999847
1.995331
1.994124
1.998849
1.999704
1.999121
1.997337
1.999781
1.994990
1.999400
1.994752
1.996816
1.998235
1.998066
1.999515
1.998069
1.999908
1.997313
1.997163
1.999914
1.996043
1.998194
1.999885
1.998966
1.999511
1.996989
1.998166
1.999007
1.998502
1.998143
1.999235
1.996674
1.999233
1.996114
1.999473
1.999780
1.999686
1.999692
2.000000
1.998504
1.994668
1.995767
1.997071
1.994670
1.999406
1.999524
1.999411
1.999790
1.997223
1.997535
1.995330
1.998563
1.999358
1.995559
1.998572
1.998342
1.998017
1.995861
1.998544
1.998283
1.998259
1.995509
1.996613
1.995102
1.999845
1.997062
1.998706
1.999050
1.995508
1.998175
1.999387
1.999186
1.999933
1.993487
1.998337
1.999240
1.999320
1.997069
1.998265
1.997206
1.993941
1.998907
1.998374
1.999618
1.998267
1.999829
1.998296
1.999988
1.998308
1.998877
1.999759
1.998525
1.995534
1.999538
1.999216
1.999937
1.996863
1.997611
1.997900
1.997833
1.999082
1.999646
1.997942
1.999155
1.998454
1.999580
1.999556
1.999207
1.998809
1.999472
1.999925
1.998292
1.994843
1.999927
1.999772
1.998106
1.996142
1.999478
1.998146
1.992247
1.996601
1.995688
1.998283
1.999703
1.999386
1.998251
1.999196
1.996600
1.998225
1.999470
1.998490
1.995645
1.996853
1.999637
1.997413
1.996475
1.999988
1.999258
1.998908
1.991198
1.999057
1.998228
1.997302
1.999782
1.998846
1.999868
1.998395
1.999428
1.997772
1.997932
1.999355
1.995555
1.999343
1.996343
1.998487
1.999197
1.999290
1.998661
1.999820
1.996186
1.999654
1.995543
1.989688
1.999104
1.997183
1.996511
1.994815
1.998256
1.999389
1.999604
1.998983
1.999163
1.999731
1.999833
1.999158
1.996567
1.993995
1.999837
1.998196
1.999892
1.998400
1.999391
1.999749
1.998399
1.998104
1.999793
1.998900
1.999763
1.998256
1.998867
1.998349
1.998373
1.996913
1.994923
1.998391
1.998456
1.999588
1.997663
1.999042
1.999908
1.993575
1.999127
1.998315
1.995343
1.998676
1.996224
1.998146
1.999203
1.993040
1.995222
1.999682
1.998399
1.998922
1.999001
1.997422
1.999245
1.999602
1.994882
1.999258
1.999769
1.999853
1.999529
1.996706
1.996019
1.996943
1.998335
1.999540
1.998017
1.998649
1.997953
1.997079
1.999150
1.999361
1.995387
1.996725
1.992110
1.999828
1.996592
1.999978
1.998022
1.999876
1.998732
1.998847
1.999435
1.998147
1.999274
1.991487
1.999822
1.997971
1.999101
1.999895
1.999579
1.999791
1.996496
1.999382
1.999775
1.999221
1.996641
1.999443
1.998856
1.995910
1.999382
1.999713
1.995744
1.998553
1.997584
1.998935
1.998362
1.997992
1.996475
1.998518
1.999911
1.994140
1.997386
1.998934
1.998087
1.996707
1.994409
1.998790
1.998891
1.999264
1.992262
1.996697
1.998658
1.998957
1.999155
1.999491
1.995854
1.998673
1.992974
1.998502
1.998254
1.999222
1.999727
1.989886
1.999133
1.996010
1.999675
1.997950
1.999302
1.999357
1.999198
1.997811
1.996737
1.999561
1.999716
1.999437
1.999877
1.998004
1.999024
1.998765
1.998461
1.997313
1.997444
1.992716
1.999213
1.999954
1.997313
1.999042
1.999371
1.999428
1.998681
1.999793
1.999489
1.998753
1.997236
1.996829
1.993262
1.999949
1.999938
1.997071
1.998938
1.998688
1.997321
1.998425
1.998105
1.993144
1.999240
1.998850
1.999608
1.999903
1.999571
1.999042
1.999962
1.997317
1.999179
1.999956
1.997031
1.997350
1.996469
1.997979
1.999358
1.999949
1.999177
1.998144
1.999586
1.996488
1.999690
1.997675
1.999783
1.995783
1.997905
1.996012
1.998547
1.999949
1.992688
1.996377
1.998472
1.996804
1.999469
1.998940
1.999963
1.999611
1.998312
1.994193
1.999840
1.997754
1.998524
1.999780
1.996250
1.990846
1.999043
1.994253
1.997896
1.997862
1.996864
1.999296
1.999670
1.999729
1.998628
1.997094
1.995157
1.998983
1.995456
1.998937
1.998212
1.998131
1.999038
1.999050
1.999474
1.992368
1.999520
1.995790
1.999807
1.999981
1.999865
1.999589
1.999784
1.997611
1.997095
1.999862
1.996718
1.998201
1.999043
1.998250
1.999897
1.999385
1.999939
1.992496
1.999163
1.993720
1.999784
1.998789
1.999815
1.998147
1.997934
1.999421
1.998392
1.999097
1.999071
1.997996
1.997561
1.999850
1.999090
1.997457
1.999253
1.999783
1.998411
1.999468
1.999449
1.999693
1.988062
1.997445
1.999186
1.999376
1.996480
1.998269
1.995637
1.999956
1.999797
1.999424
1.997708
1.999178
1.999015
1.993696
1.998639
1.999198
1.999458
1.994332
1.997734
1.997876
1.995636
1.998498
1.999961
1.999079
1.997295
1.998708
1.999208
1.996676
1.998930
1.998220
1.997489
1.998994
1.994130
1.999751
1.999024
1.998311
1.986610
1.998988
1.988066
1.998476
1.991555
1.999461
1.998562
1.991942
1.998143
1.996153
1.999921
1.999342
1.997265
1.999893
1.996222
1.999965
1.999673
1.993131
1.996883
1.999635
1.993537
1.999034
1.998728
1.999316
1.999074
1.996632
1.998411
1.996291
1.999101
1.998990
1.999131
1.998742
1.993910
1.995068
1.998404
1.999372
1.999793
1.998576
1.999840
1.998632
1.999865
1.999788
1.998940
1.999257
1.995801
1.999977
1.999931
1.997142
1.997686
1.997708
1.997866
1.999905
1.993058
1.998394
1.998275
1.994564
1.997775
1.999035
1.998952
1.997659
1.998917
1.997244
1.994393
1.997542
1.998149
1.999348
1.998334
1.994435
1.998473
1.999067
1.999023
1.998785
1.999845
1.999044
1.999354
1.995786
1.999746
1.999968
1.998170
1.997206
1.997868
1.999812
1.999026
1.999172
1.998459
1.998169
1.999979
1.999436
1.997815
1.997184
1.996113
1.999949
1.999820
1.995825
1.998047
1.999416
1.999368
1.999389
1.999117
1.997269
1.999931
1.998359
1.999119
1.999543
1.999123
1.997146
1.999524
1.999884
1.998523
1.998894
1.997132
1.999717
1.996870
1.994513
1.999929
1.997816
1.998673
1.997935
1.993605
1.999878
1.998748
1.998539
1.998078
1.999025
1.999314
1.992379
1.998451
1.999531
1.996690
1.998058
1.998982
1.998510
1.999500
1.998166
2.000000
1.999142
1.998705
1.997001
1.998301
1.998897
1.998056
1.999395
1.997814
1.995620
1.994226
1.998962
1.999899
1.998579
1.995671
1.998158
1.998702
1.999697
1.999083
1.996468
1.998062
1.998418
1.997205
1.996074
1.997399
1.997453
1.998325
1.994894
1.999820
1.999145
1.997205
1.999243
1.998153
1.997986
1.993422
1.998747
1.999186
1.998048
1.997351
1.999716
1.998651
1.999902
1.999095
1.999312
1.997554
1.998657
1.992460
1.996867
1.998419
1.994962
1.993640
1.996706
1.998674
1.999319
1.999625
1.999319
1.997974
1.997419
1.998522
1.995759
1.998469
1.999123
1.993626
1.995468
1.998054
1.993562
1.998021
1.997185
1.994882
1.993278
1.993706
1.999440
1.998537
1.997651
1.998264
1.999095
1.992336
1.997231
1.997513
1.999899
1.997671
1.999848
1.999119
1.990997
1.998405
1.999822
1.999443
1.998511
1.999254
1.997978
1.997502
1.999021
1.998267
1.999238
1.996089
1.999107
1.999579
1.999700
1.996050
1.999831
1.998209
1.995931
1.996951
1.995549
1.997685
1.999953
1.999631
1.995323
1.999112
1.992417
1.998195
1.999821
1.999960
1.999478
1.998872
1.998902
1.999899
1.997418
1.999476
1.997176
1.999578
1.998459
1.999522
1.997452
1.995999
1.999677
1.996006
1.998676
1.995133
1.999717
1.999423
1.999583
1.993230
1.992864
1.998993
1.998280
1.994120
1.999703
1.999531
1.995383
1.994917
1.999852
1.998904
1.998182
1.998817
1.999685
1.999582
1.998984
1.992572
1.997774
1.999807
1.997920
1.998286
1.999805
1.999496
1.995555
1.997578
1.997234
1.998171
1.998996
1.993464
1.999457
1.997223
1.998037
1.997158
1.998054
1.997792
1.999104
1.999648
1.999642
1.999959
1.991381
1.999385
1.998954
1.999115
1.999991
1.997525
1.996510
1.999856
1.995864
1.998506
1.995774
1.998424
1.999130
1.999925
1.999711
1.998867
1.999442
1.998470
1.999229
1.996320
1.997369
1.999948
1.999302
1.997677
1.996419
1.998006
1.998517
1.999147
1.997939
1.999475
1.996080
1.999864
1.995819
1.999980
1.999106
1.996142
1.999440
1.998923
1.998860
1.998603
1.997669
1.999165
1.992157
1.999937
1.999139
1.998965
1.999043
1.998829
1.992123
1.996143
1.992440
1.999532
1.998989
1.999343
1.999898
1.996798
1.997978
1.999249
1.999538
1.999165
1.999489
1.999506
1.996381
1.999382
1.997568
1.998407
1.999839
1.999587
1.997783
1.997797
1.999270
1.999806
1.999269
1.999376
1.999322
1.997649
1.996939
1.999758
1.993911
1.998581
1.998494
1.996147
1.998567
1.997264
1.998382
1.994755
1.999571
1.999208
1.999936
1.995043
1.998183
1.999294
1.998762
1.999680
1.998716
1.998491
1.999118
1.997754
1.997849
1.999777
1.995981
1.999186
1.999378
1.992791
1.994579
1.998177
1.995877
1.999361
1.998502
1.999926
1.999532
1.987639
1.999580
1.996620
1.999566
1.997562
1.998727
1.996464
1.999590
1.998785
1.999838
1.996142
1.999287
1.997499
1.998955
1.999523
1.999645
1.999921
1.997865
1.999154
1.999252
1.999965
1.999958
1.999705
1.998101
1.997377
1.998689
1.999768
1.995476
1.997963
1.996847
1.996837
1.998497
1.996197
1.999134
1.996857
1.995231
1.993489
1.998587
1.999458
1.995792
1.999741
1.994557
1.998789
1.994580
1.998508
1.999697
1.995226
1.998335
1.999962
1.999336
1.994801
1.997630
1.998830
1.995649
1.999222
1.995228
1.998092
1.999430
1.996630
1.999315
1.997680
1.996219
1.997914
1.991980
1.999415
1.999884
1.997561
1.996443
1.999828
1.999760
1.999648
1.996824
1.999360
1.999171
1.996903
1.997391
1.999996
1.997872
1.999555
1.995085
1.995359
1.995090
1.996633
1.999816
1.998491
1.990666
1.999438
1.996760
1.996423
1.998986
1.997267
1.999803
1.996625
1.999540
1.997739
1.999223
1.999009
1.997868
1.999744
1.991863
1.998342
1.995226
1.998964
1.999993
1.998802
1.997309
1.999494
1.998727
1.997650
1.998448
1.999371
1.998380
1.999244
1.995858
1.998871
1.997808
1.995023
1.996548
1.999177
1.999929
1.998133
1.997225
1.999312
1.999153
1.999076
1.998973
1.999202
1.994644
1.999472
1.999846
1.999677
1.996327
1.998933
1.999339
1.999257
1.999836
1.999666
1.999758
1.997622
1.999724
1.998723
1.995008
1.998983
1.999511
1.998983
1.997267
1.999971
1.994278
1.998882
1.998778
1.999144
1.998698
1.999112
1.995817
1.998657
1.998178
1.996615
1.996816
1.999694
1.999158
1.997727
1.997987
1.998817
1.996510
1.998497
1.999453
1.999547
1.996045
1.999744
1.993684
1.999368
1.989006
1.997909
1.999290
1.998587
1.996815
1.996256
1.999228
1.999488
1.995586
1.998580
1.997209
1.997141
1.995749
1.998022
1.999786
1.997043
1.998209
1.999867
1.996144
1.998615
1.999813
1.996369
1.996646
1.998449
1.998493
1.996418
1.999560
1.999985
1.998220
1.998966
1.997987
1.995938
1.997140
1.997580
1.995368
1.998446
1.992750
1.999669
1.996102
1.996764
1.996905
1.999572
1.999184
1.998439
1.994897
1.997100
1.991915
1.999006
1.993893
1.998540
1.999377
1.999213
1.999273
1.997317
1.999811
1.998163
1.995645
1.999749
1.999053
1.999705
1.999256
1.997976
1.999453
1.998333
1.997704
1.998059
1.996066
1.999161
1.996781
1.999422
1.998207
1.998056
1.995246
1.999611
1.997907
1.999970
1.995324
1.998869
1.999911
1.994677
1.999101
1.997838
1.986408
1.999027
1.996318
1.999798
1.997778
1.999252
1.998403
1.999293
1.992497
1.997909
1.996293
1.999015
1.998408
1.999171
1.996432
1.999634
1.999660
1.999297
1.998321
1.999559
1.997544
1.998688
1.996321
1.999652
1.999080
1.999905
1.997536
1.999890
1.997789
1.997548
1.998877
1.999837
1.997789
1.999253
1.999911
1.997674
1.999369
1.999994
1.998002
1.997106
1.998098
1.999775
1.999486
1.999809
1.998519
1.999142
1.996692
1.996044
1.997533
1.996531
1.998185
1.998973
1.993135
1.999654
1.999484
1.999838
1.998576
1.999844
1.996439
1.997629
1.999520
1.995403
1.999557
1.998493
1.998535
1.998762
1.999920
1.996410
1.999876
1.999815
1.997098
1.999981
1.994122
1.999680
1.999755
1.995998
1.998647
1.999352
1.999890
1.998477
1.999852
1.996915
1.999936
1.997423
1.996488
1.999672
1.999503
1.997594
1.998576
1.986036
1.995806
1.999971
1.999316
1.998749
1.999619
1.995560
1.999970
1.996670
1.999921
1.999673
1.996982
1.996079
1.999245
1.999649
1.997231
1.999536
1.999702
1.999739
1.996767
1.999714
1.999546
1.996001
1.999864
1.999233
1.996739
1.997979
1.999159
1.995931
1.996834
1.998336
1.995614
1.999464
1.999830
1.999946
1.999379
1.999951
1.999590
1.997249
1.996599
1.998970
1.997939
1.999849
1.996260
1.997022
1.998594
1.999877
1.993967
1.999443
1.998118
1.997572
1.997089
1.997841
1.996619
1.998726
1.996585
1.998901
1.995455
1.998748
1.999001
1.995928
1.998004
1.999571
1.996520
1.999330
1.999502
1.999340
1.999978
1.993438
1.996132
1.998747
1.998305
1.999816
1.997252
1.999889
1.999266
1.999200
1.999764
1.998250
1.999950
1.998190
1.999438
1.994271
1.996427
1.995703
1.996902
1.999578
1.996074
1.997753
1.998952
1.999633
1.996488
1.999965
1.999380
1.993288
1.996775
1.999886
1.996028
1.999940
1.996715
1.999096
1.999606
1.999651
1.997386
1.999119
1.998528
1.999794
1.998004
1.997634
1.997509
1.998482
1.999799
1.998485
1.994512
1.996609
1.999300
1.997689
1.999291
1.997796
1.995733
1.996820
1.999963
1.997913
1.999356
1.997798
1.997907
1.996328
1.999549
1.998012
1.999385
1.999383
1.998831
1.996928
1.999518
1.997905
1.999311
1.991424
1.998813
1.997759
1.999102
1.996722
1.998129
1.990747
1.995728
1.999749
1.999101
1.983160
1.999721
1.999255
1.998487
1.999591
1.997437
1.999998
1.999344
1.998454
1.993899
1.996455
1.998338
1.998336
1.998718
1.999424
1.998200
1.992790
1.999439
1.997627
1.998370
1.998886
1.997148
1.999426
1.997645
1.989693
1.998546
1.998676
1.999205
1.999909
1.999922
1.997711
1.997642
1.995572
1.999896
1.999407
1.999759
1.997781
1.996801
1.999462
1.999795
1.998290
1.999828
1.998571
1.999923
1.997874
1.999420
1.999314
1.998631
1.999825
1.998743
1.995317
1.999138
1.996065
1.999857
1.999877
1.999735
1.998137
1.997817
1.999187
1.999233
1.998676
1.996333
1.999607
1.998532
1.998669
1.991350
1.993626
1.998968
1.999775
1.997555
1.998797
1.999270
1.999668
1.998554
1.999631
1.997887
1.998317
1.995045
1.999420
1.993892
1.998676
1.998555
1.997831
1.993895
1.999565
1.999845
1.995396
1.999428
1.999489
1.997995
1.997415
1.998947
1.996118
1.997909
1.997440
1.996213
1.999458
1.998955
1.999785
1.999007
1.999012
1.997541
1.999638
1.994633
1.998484
1.997960
1.999886
1.995618
1.992138
1.999563
1.996887
1.999783
1.995169
1.997012
1.997652
1.998482
1.999162
1.999987
1.998529
1.988592
1.998059
1.999301
1.999935
1.999868
1.997952
1.999349
1.996678
1.999977
1.998872
1.998517
1.992209
1.999575
1.999032
1.999042
1.999699
1.999986
1.993993
1.999855
1.997080
1.998692
1.999356
1.998763
1.995994
1.998668
1.996911
1.996806
1.993442
1.998267
1.999689
1.999514
1.999328
1.998513
1.999724
1.997500
1.997448
1.997181
1.999127
1.997310
1.999407
1.999968
1.996983
1.994770
1.997712
1.999058
1.998295
1.998073
1.997220
1.999993
1.998351
1.999426
1.999699
1.999355
1.998363
1.998929
1.997332
1.999514
1.999652
1.999292
1.998364
1.999362
1.996308
1.998517
1.992290
1.997532
1.999435
1.999707
1.998161
1.996259
1.998171
1.992159
1.993813
1.998684
1.994094
1.997228
1.998955
1.996536
1.998315
1.998956
1.999887
1.998793
1.999485
1.996548
1.993629
1.999489
1.997250
1.999128
1.999955
1.997460
1.995264
1.996775
1.999805
1.999085
1.998716
1.997964
1.999804
1.997888
1.998239
1.999832
1.999870
1.994680
1.999237
1.998196
1.998336
1.998733
1.999502
1.997954
1.999822
1.999777
1.998886
1.997303
1.995297
1.997334
1.999926
1.997788
1.999629
1.998954
1.999221
1.999009
1.999102
1.997305
1.998525
1.997972
1.999258
1.997039
1.999813
1.992927
1.997334
1.994851
1.999197
1.998194
1.996867
1.998191
1.998712
1.999510
1.996411
1.999589
1.997701
1.999313
1.995738
1.998263
1.998619
1.997373
1.999831
1.998481
1.997771
1.997971
1.998055
1.998570
1.999608
1.999403
1.996349
1.995332
1.998514
1.998560
1.999605
1.999219
1.999904
1.999783
1.994349
1.999661
1.999541
1.999736
1.999674
1.998976
1.998826
1.999910
1.998854
1.996344
1.998884
1.995971
1.998092
1.997511
1.999833
1.998493
1.997815
1.999858
1.999688
1.999443
1.999909
1.998000
1.999615
1.998905
1.995353
1.995540
1.999415
1.999504
1.999399
1.999223
1.999606
1.998616
1.999943
1.999274
1.998778
1.997394
1.999679
1.994759
1.995743
1.997922
1.999590
1.999715
1.997601
1.999577
1.993896
1.998727
1.997761
1.998380
1.998812
1.998253
1.999849
1.998550
1.998698
1.996126
1.998987
1.998136
1.997981
1.992579
1.999800
1.995741
1.999815
1.993730
1.999771
1.997175
1.999014
1.999112
1.997243
1.999416
1.997187
1.998732
1.999835
1.999185
1.997690
1.997674
1.997642
1.999965
1.997843
1.999324
1.999879
1.996626
1.994418
1.998881
1.999882
1.998548
1.998746
1.996488
1.999195
1.998776
1.998215
1.996571
1.995141
1.999983
1.997753
1.997661
1.998215
1.999894
1.999718
1.998273
1.998984
1.999991
1.999669
1.999534
1.992826
1.999336
1.999453
1.994581
1.998428
1.997917
1.995061
1.996610
1.997785
1.998376
1.998361
1.999359
1.998907
1.997290
1.994659
1.997468
1.996574
1.997818
1.999826
1.997968
1.999693
1.999479
1.999667
1.995330
1.995129
1.999176
1.998257
1.999952
1.999394
1.998591
1.995882
1.991795
1.998055
1.999552
1.995872
1.999179
1.999658
1.998556
1.997343
1.998770
1.998695
1.999978
1.999691
1.997807
1.999759
1.997637
1.996589
1.999056
1.998049
1.997225
1.996964
1.999436
1.997032
1.998645
1.997735
1.996490
1.999237
1.999970
1.999967
1.999876
1.997355
1.999571
1.999521
1.997941
1.999457
1.999075
1.997300
1.997017
1.998256
1.998138
1.999514
1.999888
1.998032
1.996514
1.995922
1.999793
1.999712
1.998010
1.994301
1.999021
1.998630
1.996292
1.996403
1.999835
1.998571
1.999292
1.999515
1.995483
1.998400
1.999643
1.999360
1.997415
1.998647
1.999980
1.997857
1.998209
1.999342
1.996762
1.998076
1.997246
1.999585
1.996042
1.997240
1.998126
1.997547
1.997563
1.999363
1.999176
1.995613
1.995481
1.995589
1.997636
1.995118
1.999208
1.999856
1.999305
1.999672
1.999786
1.998353
1.999941
1.999955
1.999768
1.997969
1.996592
1.998034
1.998589
1.998237
1.996908
1.998799
1.998339
1.996950
1.999510
1.996405
1.997927
1.996510
1.999818
1.999425
1.998491
1.996107
1.999467
1.998904
1.999580
1.999578
1.995739
1.999894
1.999596
1.998730
1.997956
1.999487
1.999089
1.998670
1.999826
1.996405
1.993916
1.997789
1.999449
1.998791
1.997902
1.996350
1.998595
1.996222
1.999320
1.999659
1.998774
1.999331
1.999256
1.999513
1.997716
1.999590
1.998447
1.999608
1.999999
1.997492
1.998430
1.999841
1.995814
1.994769
1.999553
1.999245
1.996091
1.998624
1.995481
1.999618
1.997696
1.998735
1.998377
1.998559
1.999797
1.999498
1.999793
1.999263
1.993992
1.999793
1.995882
1.997493
1.998055
1.998516
1.995912
1.997927
1.997113
1.999976
1.996844
1.999271
1.996449
1.998665
1.999059
1.999390
1.997541
1.999690
1.996989
1.998704
1.998335
1.998133
1.998949
1.998296
1.999106
1.998721
1.997990
1.994060
1.999518
1.995097
1.994271
1.997741
1.997169
1.997093
1.998745
1.999866
1.999574
1.991975
1.998449
1.997342
1.999407
1.998173
1.998727
1.999660
1.999385
1.994139
1.998132
1.997834
1.995975
1.998676
1.999126
1.999076
1.991026
1.999821
1.993867
1.999818
1.997880
1.998984
1.997806
1.999310
1.999334
1.999824
1.997391
1.997615
1.999300
1.999981
1.997366
1.999343
1.998529
1.995470
1.999338
1.997803
1.997882
1.997314
1.997578
1.999392
1.997158
1.998034
1.998898
1.999219
1.998611
1.998583
1.999409
1.999160
1.997698
1.997882
1.996756
1.997747
1.998313
1.996839
1.997482
1.999610
1.995102
1.998894
1.990608
1.997446
1.999903
1.998959
1.997806
1.996126
1.992112
1.998069
1.999148
1.999412
1.997773
1.999024
1.999360
1.999598
1.998913
1.999442
1.999061
1.998932
1.996772
1.999733
1.999824
1.999652
1.997439
1.998526
1.997010
1.999839
1.994455
1.999925
1.998740
1.999123
1.997827
1.995105
1.998800
1.999073
1.999711
1.999113
1.997279
1.998481
1.999197
1.997752
1.998381
1.995979
1.996611
1.997372
1.999176
1.995881
1.999752
1.999497
1.998997
1.999244
1.999814
1.998426
1.998396
1.998331
1.999596
1.997123
1.999311
1.999943
1.999109
1.999858
1.998662
1.999013
1.998632
1.997506
1.997709
1.998828
1.999667
1.994861
1.994827
1.996154
1.997335
1.998636
1.999606
1.994975
1.997938
1.999440
1.989943
1.998467
1.997866
1.999657
1.997086
1.998198
1.998395
1.994055
1.998135
1.998383
1.997123
1.997666
1.999935
1.999743
1.998404
1.997986
1.999187
1.996280
1.997241
1.997218
1.999207
1.999921
1.999630
1.996373
1.999641
1.997819
1.990633
1.999579
1.998104
1.997892
1.999684
1.996320
1.999538
1.999297
1.998058
1.997293
1.999869
1.996987
1.999580
1.998421
1.998553
1.998047
1.996746
1.998573
1.998865
1.997656
1.999179
1.999101
1.999617
1.998005
1.998454
1.996046
1.996271
1.998818
1.997554
1.998330
1.998626
1.998748
1.998613
1.999677
1.999553
1.997153
1.996559
1.999812
1.999514
1.997798
1.996760
1.999614
1.996814
1.998371
1.999928
1.999644
1.999449
1.988218
1.999488
1.998726
1.996359
1.999996
1.999289
1.998154
1.999176
1.996851
1.999349
1.999675
1.997749
1.999861
1.999530
1.999574
1.998894
1.997266
1.997392
1.996544
1.999973
1.997267
1.997193
1.999757
1.999982
1.993314
1.995075
1.997788
1.999986
1.999883
1.997694
1.999364
1.998233
1.999062
1.997107
1.999143
1.997355
1.999598
1.998153
1.997881
1.999627
1.998394
1.985648
1.999469
1.999503
1.997785
1.998560
1.999223
1.998109
1.997786
1.996840
1.999760
1.996455
1.999804
1.999968
1.998099
1.998204
1.999498
1.997500
1.996725
1.991017
1.999296
1.994744
1.997869
1.999793
1.997722
1.999017
1.999606
1.998846
1.997727
1.999216
1.998238
1.996779
1.999259
1.999897
1.993672
1.988871
1.999273
1.999713
1.999597
1.999046
1.997693
1.998920
1.999091
1.996919
1.998185
1.996248
1.996019
1.999973
1.998296
1.999265
1.990830
1.989364
1.998769
1.999643
1.999471
1.998008
1.998687
1.998857
1.999779
1.999472
1.999871
1.995724
1.999263
1.999081
1.999941
1.997352
1.998201
1.999358
1.996898
1.999887
1.998295
1.999029
1.999769
1.999134
1.997322
1.997415
1.996337
1.998694
1.993105
1.998854
1.994769
1.999823
1.996788
1.999680
1.998971
1.998686
1.999876
1.998666
1.998667
1.999819
1.997447
1.999099
1.999313
1.999336
1.996915
1.999948
1.999931
1.991841
1.997636
1.999850
1.998889
1.998632
1.998296
1.997640
1.996779
1.998764
1.996719
1.995273
1.997739
1.999018
1.995755
1.999526
1.995793
1.999956
1.999539
1.998329
1.994862
1.996448
1.999966
1.999530
1.997757
1.996255
1.998039
1.998448
1.996675
1.999498
1.996903
1.994664
1.999303
1.999761
1.998009
1.999760
1.998949
1.995100
1.998807
1.996499
1.998160
1.999192
1.999696
1.999417
1.998936
1.998314
1.997396
1.997260
1.993556
1.994435
1.997176
1.998785
1.999942
1.991414
1.999308
1.994221
1.999968
1.997221
1.999676
1.998847
1.996491
1.999768
1.998423
1.998407
1.990245
1.997754
1.995956
1.999198
1.998877
1.997208
1.999326
1.999846
1.999859
1.990458
1.996764
1.999486
1.998898
1.999222
1.999430
1.998055
1.997961
1.993851
1.999839
1.995840
1.999995
1.996738
1.995032
1.998849
1.997328
1.994179
1.997797
1.998949
1.995155
1.998964
1.992049
1.999685
1.995643
1.994847
1.996520
1.999636
1.997914
1.999945
1.998700
1.999823
1.997948
1.998254
1.991754
1.997942
1.998717
1.995369
1.999110
1.999648
1.997741
1.999657
1.996802
1.997615
1.997454
1.994546
1.998869
1.998338
1.997861
1.998063
1.997958
1.998032
1.997814
1.999805
1.998703
1.999373
1.999485
1.998367
1.998702
1.997244
1.988887
1.997489
1.999083
1.998556
1.998705
1.995281
1.999672
1.999943
1.998894
1.998740
1.997952
1.999159
1.998866
1.997636
1.999975
1.996777
1.996124
1.998602
1.998948
1.998951
1.999858
1.987087
1.998123
1.996449
1.997557
1.999486
1.995696
1.984262
1.997828
1.998657
1.999063
1.997337
1.996515
1.996778
1.997516
1.996759
1.998515
1.998725
1.998647
1.996445
1.998684
1.999151
1.998237
1.997417
1.999570
1.999595
1.996176
1.997832
1.999458
1.999845
1.999966
1.995801
1.999818
1.999257
1.998664
1.995831
1.997239
1.998587
1.993081
1.997027
1.997925
1.999301
1.998558
1.997005
1.999654
1.994044
1.995702
1.995659
1.999527
1.997396
1.998946
1.996666
1.996754
1.998611
1.995797
1.999220
1.999742
1.996333
1.999929
1.999575
1.999875
1.999061
1.998229
1.998839
1.994239
1.996190
1.999568
1.999766
1.998619
1.998315
1.999695
1.999816
1.998741
1.998713
1.999519
1.994696
1.998142
1.997358
1.997160
1.998416
1.999390
1.995404
1.998696
1.996788
1.999960
1.996364
1.998742
1.999507
1.999486
1.997683
1.999829
1.998910
1.996980
1.997304
1.998427
1.998955
1.999409
1.999142
1.999677
1.996584
1.999380
1.995979
1.994716
1.996804
1.998472
1.998098
1.999394
1.999941
1.997362
1.998365
1.998367
1.996654
2.000000
1.998508
1.997769
1.999558
1.996894
1.998627
1.999010
1.995213
1.999348
1.998974
